YYYYMM    U10    V10       TAUX       TAUY      CURL    T2M    MLSP      SP   ALBD   RHUM   PTOT   ETOT   PRAT    TSM    SSM    SSH    SLA    UCUR    VCUR      HS      TS
197901  -0.70  -1.78 -1.863E-03 -4.634E-03  -776.054  25.53 1010.61  991.40  12.62  83.67   3.45  -3.61 -99.00 -99.00 -99.00 -99.00 -99.00  -99.00  -99.00    0.61    6.17 
197902  -0.21  -1.44 -4.519E-04 -2.858E-03  -559.508  25.42 1010.21  991.05  12.45  88.85   6.34  -3.97 -99.00 -99.00 -99.00 -99.00 -99.00  -99.00  -99.00    0.69    6.64 
197903  -0.55  -1.75 -1.420E-03 -4.375E-03  -909.028  25.52 1010.39  991.19  12.28  87.08   6.18  -4.19 -99.00 -99.00 -99.00 -99.00 -99.00  -99.00  -99.00    0.57    6.03 
197904   0.20  -0.09  5.048E-05 -1.916E-05  -106.536  25.68 1009.46  990.38  12.16  91.20  16.27  -3.69 -99.00 -99.00 -99.00 -99.00 -99.00  -99.00  -99.00    0.59    6.64 
197905   0.23   0.51  1.759E-04  4.031E-04    40.659  25.52 1010.00  990.91  12.20  90.83  13.96  -3.44 -99.00 -99.00 -99.00 -99.00 -99.00  -99.00  -99.00    0.37    5.55 
197906   0.22   0.98  3.044E-04  1.369E-03   168.166  25.45 1010.66  991.59  12.17  90.56  17.54  -3.26 -99.00 -99.00 -99.00 -99.00 -99.00  -99.00  -99.00    0.31    5.71 
197907   0.29   0.93  3.850E-04  1.271E-03   114.388  25.32 1010.89  991.80  12.21  90.36  19.82  -3.11 -99.00 -99.00 -99.00 -99.00 -99.00  -99.00  -99.00    0.55    6.48 
197908   0.49   0.89  6.795E-04  1.257E-03   -30.038  25.36 1009.99  990.93  12.24  91.05  15.16  -3.33 -99.00 -99.00 -99.00 -99.00 -99.00  -99.00  -99.00    0.44    5.98 
197909   0.50   1.05  8.091E-04  1.718E-03    33.936  25.12 1010.08  991.01  12.25  90.60  10.71  -3.62 -99.00 -99.00 -99.00 -99.00 -99.00  -99.00  -99.00    0.21    5.10 
197910   0.72   1.42  1.583E-03  3.150E-03   214.999  25.23 1010.03  990.98  12.34  91.14  17.48  -3.19 -99.00 -99.00 -99.00 -99.00 -99.00  -99.00  -99.00    0.06    4.88 
197911   0.56   0.66  6.706E-04  8.031E-04   -32.341  25.06 1009.22  990.14  12.44  90.65  16.88  -2.84 -99.00 -99.00 -99.00 -99.00 -99.00  -99.00  -99.00    0.29    5.93 
197912  -0.20  -0.00 -5.354E-05  1.342E-06    22.891  24.48 1010.21  991.08  12.58  89.93  13.00  -3.09 -99.00 -99.00 -99.00 -99.00 -99.00  -99.00  -99.00    0.55    6.57 
198001  -0.27  -0.84 -3.388E-04 -1.003E-03  -144.553  25.05 1009.83  990.70  12.62  90.75   9.49  -3.18 -99.00 -99.00 -99.00 -99.00 -99.00  -99.00  -99.00    0.66    6.58 
198002  -0.54  -1.94 -1.536E-03 -5.314E-03 -1180.963  25.33 1010.47  991.26  12.45  86.70   3.79  -3.90 -99.00 -99.00 -99.00 -99.00 -99.00  -99.00  -99.00    0.60    6.16 
198003  -0.24  -1.66 -6.149E-04 -3.775E-03 -1267.692  25.59 1008.73  989.57  12.28  87.77   4.21  -3.87 -99.00 -99.00 -99.00 -99.00 -99.00  -99.00  -99.00    0.78    6.99 
198004   0.10  -0.84  7.732E-05 -9.479E-04  -566.907  25.63 1009.61  990.47  12.16  89.55   8.47  -3.68 -99.00 -99.00 -99.00 -99.00 -99.00  -99.00  -99.00    0.43    6.00 
198005  -0.10   0.31 -4.261E-05  1.419E-04    10.424  25.70 1010.07  990.97  12.20  90.84  23.47  -3.21 -99.00 -99.00 -99.00 -99.00 -99.00  -99.00  -99.00    0.37    5.50 
198006   0.06   0.77  5.245E-05  8.263E-04   104.017  25.76 1009.99  990.94  12.17  91.42  21.19  -3.13 -99.00 -99.00 -99.00 -99.00 -99.00  -99.00  -99.00    0.59    6.67 
198007   0.41   0.60  4.101E-04  6.207E-04   -43.908  25.26 1010.18  991.11  12.21  91.66  15.22  -3.37 -99.00 -99.00 -99.00 -99.00 -99.00  -99.00  -99.00    0.58    6.56 
198008   0.20   0.57  1.602E-04  4.795E-04   -39.712  25.13 1010.68  991.58  12.24  90.44  11.94  -3.47 -99.00 -99.00 -99.00 -99.00 -99.00  -99.00  -99.00    0.45    6.17 
198009   0.45   0.89  6.140E-04  1.234E-03   -65.958  25.10 1010.18  991.11  12.25  92.17  19.20  -3.28 -99.00 -99.00 -99.00 -99.00 -99.00  -99.00  -99.00    0.36    5.67 
198010   0.33   0.99  4.750E-04  1.432E-03   129.896  25.22 1010.26  991.17  12.34  91.46  16.93  -3.12 -99.00 -99.00 -99.00 -99.00 -99.00  -99.00  -99.00    0.28    5.33 
198011   0.36   0.47  2.891E-04  3.825E-04     1.366  25.02 1010.12  991.01  12.44  90.25  17.64  -3.08 -99.00 -99.00 -99.00 -99.00 -99.00  -99.00  -99.00    0.41    6.04 
198012  -0.34  -0.83 -4.241E-04 -1.014E-03   -76.852  24.69 1010.15  990.99  12.58  90.79  10.95  -2.85 -99.00 -99.00 -99.00 -99.00 -99.00  -99.00  -99.00    0.46    6.17 
198101  -0.75  -2.10 -2.351E-03 -6.431E-03 -1229.159  25.06 1011.19  991.96  12.62  88.03   5.96  -3.61 -99.00 -99.00 -99.00 -99.00 -99.00  -99.00  -99.00    0.37    5.63 
198102  -0.23  -1.19 -4.143E-04 -1.982E-03  -324.691  24.96 1009.10  989.97  12.45  91.25  11.31  -3.51 -99.00 -99.00 -99.00 -99.00 -99.00  -99.00  -99.00    0.69    6.60 
198103  -0.02  -0.78 -3.488E-05 -8.142E-04  -288.843  25.50 1010.58  991.45  12.28  88.10  13.84  -3.69 -99.00 -99.00 -99.00 -99.00 -99.00  -99.00  -99.00    0.40    5.92 
198104   0.04  -0.47  1.606E-05 -2.892E-04  -193.357  25.43 1009.64  990.52  12.16  91.23  12.20  -3.62 -99.00 -99.00 -99.00 -99.00 -99.00  -99.00  -99.00    0.66    6.62 
198105   0.49   0.67  5.669E-04  7.785E-04   -33.991  25.43 1010.28  991.20  12.20  91.73  21.10  -3.35 -99.00 -99.00 -99.00 -99.00 -99.00  -99.00  -99.00    0.22    5.26 
198106   0.21   0.66  2.065E-04  6.468E-04    37.736  25.04 1010.66  991.57  12.17  92.13  19.26  -3.13 -99.00 -99.00 -99.00 -99.00 -99.00  -99.00  -99.00    0.51    6.46 
198107   0.00   0.64 -1.368E-06  5.668E-04    90.015  25.21 1010.86  991.76  12.21  90.59  12.35  -3.46 -99.00 -99.00 -99.00 -99.00 -99.00  -99.00  -99.00    0.52    6.34 
198108   0.42   1.02  6.210E-04  1.558E-03    33.980  24.86 1010.65  991.56  12.24  92.34  11.48  -3.57 -99.00 -99.00 -99.00 -99.00 -99.00  -99.00  -99.00    0.42    5.79 
198109   0.13   0.75  1.403E-04  8.032E-04    54.194  24.92 1010.52  991.42  12.25  90.84  10.50  -3.79 -99.00  29.41 -99.00 -99.00 -99.00  -99.00  -99.00    0.33    5.54 
198110   0.53   1.12  8.960E-04  1.936E-03    43.711  24.66 1010.05  990.97  12.34  91.75  15.49  -3.23 -99.00  29.18 -99.00 -99.00 -99.00  -99.00  -99.00    0.20    5.14 
198111   0.53   0.98  8.204E-04  1.525E-03   190.631  24.43 1009.55  990.47  12.44  92.84  23.97  -2.60 -99.00  28.51 -99.00 -99.00 -99.00  -99.00  -99.00    0.18    5.77 
198112   0.01  -0.12 -5.395E-06 -1.917E-05   -12.540  24.60 1009.33  990.21  12.58  91.93  14.32  -2.73 -99.00  28.09 -99.00 -99.00 -99.00  -99.00  -99.00    0.44    6.50 
198201  -0.56  -1.15 -1.016E-03 -2.025E-03  -326.508  24.81 1010.64  991.46  12.62  87.55   5.34  -3.55 -99.00  27.38 -99.00 -99.00 -99.00  -99.00  -99.00    0.60    6.18 
198202  -0.46  -1.41 -9.583E-04 -2.889E-03  -366.657  25.02 1010.20  991.02  12.45  89.07   6.26  -3.79 -99.00  27.28 -99.00 -99.00 -99.00  -99.00  -99.00    0.65    6.50 
198203  -0.25  -1.58 -5.823E-04 -3.443E-03  -773.001  25.29 1009.64  990.45  12.28  88.20   5.65  -3.86 -99.00  26.99 -99.00 -99.00 -99.00  -99.00  -99.00    0.67    6.44 
198204  -0.20  -0.67 -2.015E-04 -6.382E-04   -76.159  25.40 1010.28  991.12  12.16  89.55  10.29  -3.72 -99.00  27.36 -99.00 -99.00 -99.00  -99.00  -99.00    0.49    5.92 
198205   0.20   0.51  1.560E-04  3.969E-04    42.445  25.39 1010.11  991.01  12.20  90.65  12.62  -3.64 -99.00  28.74 -99.00 -99.00 -99.00  -99.00  -99.00    0.32    5.67 
198206   0.03   0.60  2.385E-05  5.022E-04    61.151  25.31 1009.88  990.81  12.17  92.28  15.40  -3.06 -99.00  29.70 -99.00 -99.00 -99.00  -99.00  -99.00    0.59    6.88 
198207  -0.00   0.37 -8.813E-06  1.899E-04   -24.224  24.90 1009.64  990.57  12.21  92.55   9.55  -3.48 -99.00  28.59 -99.00 -99.00 -99.00  -99.00  -99.00    0.68    7.02 
198208   0.42   0.45  3.278E-04  3.934E-04  -151.118  25.21 1009.51  990.46  12.24  92.31   9.08  -3.77 -99.00  28.84 -99.00 -99.00 -99.00  -99.00  -99.00    0.67    6.87 
198209   0.41   0.68  4.390E-04  7.530E-04   -19.843  24.99 1009.95  990.87  12.25  92.03  14.15  -3.56 -99.00  28.93 -99.00 -99.00 -99.00  -99.00  -99.00    0.38    5.49 
198210   0.16   0.55  1.276E-04  4.482E-04    18.354  24.38 1009.75  990.63  12.34  91.62   9.38  -3.45 -99.00  28.70 -99.00 -99.00 -99.00  -99.00  -99.00    0.32    6.00 
198211  -0.42  -0.46 -3.651E-04 -3.925E-04    67.713  24.68 1008.71  989.59  12.44  91.28   9.16  -3.55 -99.00  28.23 -99.00 -99.00 -99.00  -99.00  -99.00    0.53    6.41 
198212  -0.58  -1.28 -1.134E-03 -2.462E-03  -276.680  25.03 1008.99  989.83  12.58  90.18   5.83  -3.48 -99.00  27.78 -99.00 -99.00 -99.00  -99.00  -99.00    0.75    6.88 
198301  -0.30  -2.02 -9.085E-04 -5.577E-03 -1991.016  25.73 1008.37  989.20  12.62  86.06   2.06  -3.47 -99.00  27.21 -99.00 -99.00 -99.00  -99.00  -99.00    0.60    6.29 
198302  -0.41  -1.94 -1.174E-03 -5.245E-03 -1692.053  25.71 1008.84  989.65  12.45  86.91   2.92  -3.34 -99.00  26.82 -99.00 -99.00 -99.00  -99.00  -99.00    0.51    5.90 
198303  -0.27  -1.24 -4.986E-04 -2.161E-03  -460.730  25.70 1008.91  989.78  12.28  91.12   7.44  -3.84 -99.00  27.93 -99.00 -99.00 -99.00  -99.00  -99.00    0.38    5.94 
198304  -0.33  -0.90 -4.437E-04 -1.184E-03  -152.161  26.13 1008.86  989.75  12.16  88.91   8.60  -4.11 -99.00  27.79 -99.00 -99.00 -99.00  -99.00  -99.00    0.40    5.78 
198305  -0.30  -0.06 -1.264E-04 -2.432E-05    20.752  26.25 1008.25  989.18  12.20  91.29   9.87  -3.71 -99.00  28.42 -99.00 -99.00 -99.00  -99.00  -99.00    0.43    5.88 
198306  -0.06   0.44 -4.231E-05  2.771E-04    30.420  25.62 1009.10  990.06  12.17  91.53   8.87  -3.73 -99.00  29.37 -99.00 -99.00 -99.00  -99.00  -99.00    0.45    6.19 
198307   0.09   0.44  4.375E-05  2.699E-04   -26.860  25.45 1009.08  990.05  12.21  91.73   7.83  -3.70 -99.00  29.94 -99.00 -99.00 -99.00  -99.00  -99.00    0.65    6.85 
198308   0.22   0.57  1.620E-04  4.811E-04   -84.246  24.94 1010.79  991.72  12.24  92.58   8.98  -3.85 -99.00  29.12 -99.00 -99.00 -99.00  -99.00  -99.00    0.53    6.34 
198309   0.32   0.92  4.207E-04  1.239E-03   -38.208  24.63 1010.51  991.43  12.25  92.31  10.62  -3.75 -99.00  29.77 -99.00 -99.00 -99.00  -99.00  -99.00    0.46    6.12 
198310   0.53   0.90  7.561E-04  1.306E-03   -70.972  24.20 1010.27  991.17  12.34  92.62  10.01  -3.50 -99.00  29.07 -99.00 -99.00 -99.00  -99.00  -99.00    0.37    5.94 
198311   0.28   0.75  3.122E-04  8.338E-04    43.121  24.47 1010.50  991.40  12.44  92.80  10.21  -3.02 -99.00  28.25 -99.00 -99.00 -99.00  -99.00  -99.00    0.43    6.25 
198312   0.05   0.61  4.127E-05  5.250E-04    58.474  23.71 1010.96  991.83  12.58  92.64  10.39  -3.01 -99.00  28.36 -99.00 -99.00 -99.00  -99.00  -99.00    0.58    6.63 
198401  -0.07  -0.33 -4.571E-05 -1.483E-04   -34.684  23.62 1010.76  991.60  12.62  89.74   7.28  -3.24 -99.00  27.65 -99.00 -99.00 -99.00  -99.00  -99.00    0.50    6.54 
198402  -0.09  -0.31 -5.215E-05 -1.365E-04     2.474  24.08 1008.85  989.72  12.45  91.89   8.36  -3.47 -99.00  27.07 -99.00 -99.00 -99.00  -99.00  -99.00    0.61    6.60 
198403  -0.19  -1.11 -3.143E-04 -1.675E-03  -404.153  24.58 1009.82  990.68  12.28  90.13   7.47  -3.91 -99.00  27.42 -99.00 -99.00 -99.00  -99.00  -99.00    0.56    6.25 
198404   0.36  -0.04  1.571E-04 -1.135E-06  -208.317  24.49 1010.26  991.14  12.16  92.99  13.30  -3.23 -99.00  27.62 -99.00 -99.00 -99.00  -99.00  -99.00    0.42    5.75 
198405   0.14   0.61  1.220E-04  5.355E-04    75.843  24.40 1010.20  991.09  12.20  92.38  12.52  -3.46 -99.00  27.69 -99.00 -99.00 -99.00  -99.00  -99.00    0.55    6.42 
198406   0.13   0.82  1.479E-04  9.476E-04   106.434  24.17 1010.35  991.26  12.17  93.55  14.45  -2.98 -99.00  29.11 -99.00 -99.00 -99.00  -99.00  -99.00    0.50    6.27 
198407   0.14   1.07  2.052E-04  1.606E-03   162.279  23.56 1010.42  991.33  12.21  93.97  11.80  -3.14 -99.00  28.88 -99.00 -99.00 -99.00  -99.00  -99.00    0.57    6.52 
198408   0.27   0.84  3.230E-04  1.028E-03    53.214  24.08 1010.52  991.43  12.24  93.15  11.86  -3.20 -99.00  29.02 -99.00 -99.00 -99.00  -99.00  -99.00    0.52    6.27 
198409   0.51   1.17  9.018E-04  2.090E-03    37.527  24.00 1010.58  991.48  12.25  91.71  13.84  -3.33 -99.00  27.80 -99.00 -99.00 -99.00  -99.00  -99.00    0.24    5.13 
198410   0.56   0.87  7.969E-04  1.257E-03   -63.374  23.98 1010.25  991.14  12.34  93.53  16.85  -3.08 -99.00  29.09 -99.00 -99.00 -99.00  -99.00  -99.00    0.32    5.71 
198411   0.76   1.01  1.307E-03  1.792E-03   -60.195  23.68 1010.89  991.76  12.44  93.38  14.70  -2.81 -99.00  28.04 -99.00 -99.00 -99.00  -99.00  -99.00    0.11    6.14 
198412  -0.83  -0.97 -1.487E-03 -1.710E-03   184.259  24.28 1008.94  989.79  12.58  89.83   6.92  -3.30 -99.00  27.37 -99.00 -99.00 -99.00  -99.00  -99.00    0.84    7.13 
198501  -0.47  -1.62 -1.113E-03 -3.733E-03  -734.956  23.99 1011.66  992.42  12.62  87.91   3.51  -3.38 -99.00  26.68 -99.00 -99.00 -99.00  -99.00  -99.00    0.61    6.10 
198502  -0.06  -1.30 -1.378E-04 -2.305E-03  -619.887  24.12 1009.76  990.60  12.45  91.49   6.41  -3.72 -99.00  26.94 -99.00 -99.00 -99.00  -99.00  -99.00    0.81    7.02 
198503  -0.15  -1.66 -3.827E-04 -3.792E-03  -852.365  24.71 1009.67  990.47  12.28  89.68   6.13  -3.81 -99.00  26.36 -99.00 -99.00 -99.00  -99.00  -99.00    0.65    6.44 
198504   0.04  -0.93  2.927E-05 -1.194E-03  -254.340  24.71 1010.10  990.93  12.16  90.73   7.92  -3.97 -99.00  26.76 -99.00 -99.00 -99.00  -99.00  -99.00    0.44    5.78 
198505   0.16   0.47  1.099E-04  3.317E-04    16.401  24.56 1010.05  990.96  12.20  92.99  10.67  -3.29 -99.00  28.46 -99.00 -99.00 -99.00  -99.00  -99.00    0.37    5.64 
198506   0.22   0.81  2.422E-04  9.408E-04    69.414  24.29 1010.23  991.17  12.17  92.88  18.92  -3.02 -99.00  28.76 -99.00 -99.00 -99.00  -99.00  -99.00    0.61    6.67 
198507   0.35   0.97  4.767E-04  1.397E-03   -51.111  23.91 1010.96  991.86  12.21  92.68  10.54  -3.60 -99.00  28.45 -99.00 -99.00 -99.00  -99.00  -99.00    0.56    6.52 
198508   0.30   0.86  3.819E-04  1.106E-03    31.753  23.90 1010.86  991.75  12.24  91.98  17.14  -3.56 -99.00  28.57 -99.00 -99.00 -99.00  -99.00  -99.00    0.52    6.22 
198509   0.52   0.88  7.278E-04  1.252E-03  -115.786  24.23 1010.42  991.32  12.25  92.01  10.85  -3.70 -99.00  28.53 -99.00 -99.00 -99.00  -99.00  -99.00    0.35    5.67 
198510   0.99   1.20  2.097E-03  2.593E-03  -205.979  24.26 1009.95  990.87  12.34  92.39  14.08  -3.37 -99.00  28.47 -99.00 -99.00 -99.00  -99.00  -99.00    0.16    5.62 
198511   0.34   0.55  2.999E-04  4.963E-04     0.260  24.01 1010.38  991.27  12.44  90.44   9.50  -3.38 -99.00  27.98 -99.00 -99.00 -99.00  -99.00  -99.00    0.22    6.29 
198512  -0.09  -0.16 -2.732E-05 -3.774E-05   -15.322  23.90 1010.81  991.66  12.58  91.48   7.98  -3.10 -99.00  27.85 -99.00 -99.00 -99.00  -99.00  -99.00    0.66    6.56 
198601  -0.62  -1.36 -1.297E-03 -2.781E-03  -210.290  23.96 1010.54  991.34  12.62  91.64   7.36  -3.36 -99.00  27.05 -99.00 -99.00 -99.00  -99.00  -99.00    0.63    6.38 
198602  -0.32  -1.40 -6.663E-04 -2.763E-03  -377.844  23.83 1011.21  991.99  12.45  89.48   5.43  -3.76 -99.00  26.15 -99.00 -99.00 -99.00  -99.00  -99.00    0.52    5.95 
198603  -0.26  -1.51 -5.841E-04 -3.160E-03  -552.337  24.57 1010.79  991.60  12.28  87.91   6.56  -3.84 -99.00  26.90 -99.00 -99.00 -99.00  -99.00  -99.00    0.49    6.22 
198604   0.09  -0.39  3.575E-05 -2.124E-04   -43.915  24.71 1009.58  990.45  12.16  93.17  12.66  -3.71 -99.00  27.19 -99.00 -99.00 -99.00  -99.00  -99.00    0.39    5.64 
198605   0.22   0.33  1.174E-04  1.796E-04   -10.287  25.12 1009.71  990.63  12.20  91.31  19.08  -3.51 -99.00  28.17 -99.00 -99.00 -99.00  -99.00  -99.00    0.32    5.44 
198606   0.05   0.89  5.488E-05  1.091E-03   129.468  24.70 1009.98  990.93  12.17  92.64  19.07  -3.39 -99.00  28.23 -99.00 -99.00 -99.00  -99.00  -99.00    0.59    6.67 
198607   0.14   0.79  1.343E-04  8.863E-04     7.917  24.66 1010.76  991.69  12.21  93.46  13.20  -3.34 -99.00  28.50 -99.00 -99.00 -99.00  -99.00  -99.00    0.73    7.16 
198608   0.34   0.77  3.670E-04  8.951E-04   -66.027  24.67 1009.51  990.46  12.24  92.60   9.34  -3.47 -99.00  28.51 -99.00 -99.00 -99.00  -99.00  -99.00    0.60    6.77 
198609   0.38   0.67  4.060E-04  7.324E-04    -7.264  24.62 1010.18  991.09  12.25  92.08  11.21  -3.52 -99.00  29.28 -99.00 -99.00 -99.00  -99.00  -99.00    0.49    6.32 
198610   0.55   0.74  6.996E-04  9.596E-04   -50.786  24.34 1011.09  991.97  12.34  92.56  15.52  -3.05 -99.00  27.96 -99.00 -99.00 -99.00  -99.00  -99.00    0.24    5.51 
198611   0.06   0.35  3.341E-05  1.800E-04    17.771  24.52 1009.11  990.02  12.44  90.57  15.38  -3.19 -99.00  28.55 -99.00 -99.00 -99.00  -99.00  -99.00    0.53    6.29 
198612  -0.36  -0.63 -3.733E-04 -6.137E-04   -79.330  24.63 1009.69  990.58  12.58  91.56   9.18  -3.21 -99.00  27.93 -99.00 -99.00 -99.00  -99.00  -99.00    0.70    6.67 
198701  -0.28  -1.62 -6.886E-04 -3.625E-03 -1024.772  24.88 1009.84  990.68  12.62  91.28   6.87  -3.42 -99.00  27.08 -99.00 -99.00 -99.00  -99.00  -99.00    0.54    6.54 
198702  -0.19  -1.70 -4.981E-04 -3.986E-03  -940.244  25.40 1008.63  989.50  12.45  92.49   7.02  -3.47 -99.00  27.02 -99.00 -99.00 -99.00  -99.00  -99.00    0.55    6.38 
198703  -0.18  -1.06 -2.979E-04 -1.540E-03  -534.926  25.43 1009.28  990.16  12.28  89.83   8.18  -3.88 -99.00  27.32 -99.00 -99.00 -99.00  -99.00  -99.00    0.39    5.56 
198704   0.09  -0.66  6.354E-05 -5.906E-04  -225.509  25.67 1009.11  990.01  12.16  91.83  16.79  -3.24 -99.00  27.79 -99.00 -99.00 -99.00  -99.00  -99.00    0.22    5.78 
198705   0.16   0.23  6.085E-05  9.306E-05    18.908  25.41 1009.27  990.19  12.20  92.40  21.11  -3.20 -99.00  28.19 -99.00 -99.00 -99.00  -99.00  -99.00    0.35    5.55 
198706   0.15   0.68  1.291E-04  6.510E-04   105.774  25.41 1009.62  990.57  12.17  92.96  15.56  -3.10 -99.00  28.61 -99.00 -99.00 -99.00  -99.00  -99.00    0.53    6.36 
198707   0.11   0.76  1.107E-04  8.084E-04    56.511  25.28 1009.05  990.01  12.21  92.35  26.82  -3.09 -99.00  29.24 -99.00 -99.00 -99.00  -99.00  -99.00    0.69    6.91 
198708   0.28   0.83  3.190E-04  1.019E-03     6.480  25.27 1009.67  990.62  12.24  90.94  17.17  -3.35 -99.00  29.15 -99.00 -99.00 -99.00  -99.00  -99.00    0.55    6.31 
198709   0.46   0.69  5.186E-04  7.908E-04    -3.846  25.39 1010.31  991.24  12.25  90.98  19.49  -3.32 -99.00  29.15 -99.00 -99.00 -99.00  -99.00  -99.00    0.35    5.26 
198710   1.00   1.15  2.089E-03  2.433E-03  -188.052  25.08 1009.96  990.90  12.34  91.67  16.63  -3.20 -99.00  28.91 -99.00 -99.00 -99.00  -99.00  -99.00    0.19    5.05 
198711   0.26   0.48  1.909E-04  3.705E-04   -26.317  25.31 1009.56  990.48  12.44  90.89  11.33  -3.14 -99.00  28.57 -99.00 -99.00 -99.00  -99.00  -99.00    0.17    6.12 
198712  -0.30  -0.51 -2.516E-04 -4.141E-04   -25.731  25.32 1009.74  990.63  12.58  89.34   9.84  -3.02 -99.00  28.30 -99.00 -99.00 -99.00  -99.00  -99.00    0.50    6.31 
198801  -0.36  -1.55 -8.301E-04 -3.378E-03  -742.868  25.01 1010.35  991.17  12.62  88.88   4.75  -3.44 -99.00  27.68 -99.00 -99.00 -99.00  -99.00  -99.00    0.72    6.91 
198802  -0.24  -1.17 -4.276E-04 -1.925E-03  -419.160  24.96 1009.64  990.50  12.45  91.41   8.51  -3.58 -99.00  27.28 -99.00 -99.00 -99.00  -99.00  -99.00    0.67    6.70 
198803  -0.19  -1.50 -4.440E-04 -3.070E-03  -990.514  25.50 1010.67  991.49  12.28  87.61   5.38  -4.02 -99.00  27.05 -99.00 -99.00 -99.00  -99.00  -99.00    0.65    6.33 
198804  -0.03  -0.97 -5.557E-05 -1.285E-03  -353.376  25.20 1010.65  991.51  12.16  91.25   9.88  -3.85 -99.00  27.75 -99.00 -99.00 -99.00  -99.00  -99.00    0.33    5.59 
198805   0.06   0.44  3.540E-05  2.742E-04    29.294  25.37 1010.45  991.36  12.20  91.85  16.59  -3.33 -99.00  28.68 -99.00 -99.00 -99.00  -99.00  -99.00    0.43    5.75 
198806   0.26   1.14  4.132E-04  1.843E-03    75.828  24.89 1011.41  992.32  12.17  90.95  11.90  -3.39 -99.00  29.05 -99.00 -99.00 -99.00  -99.00  -99.00    0.38    5.31 
198807   0.08   0.90  1.044E-04  1.128E-03   140.254  24.45 1011.51  992.39  12.21  92.36  15.61  -3.21 -99.00  29.16 -99.00 -99.00 -99.00  -99.00  -99.00    0.54    6.40 
198808   0.60   0.98  9.595E-04  1.567E-03   -75.887  24.57 1011.22  992.11  12.24  91.88  15.66  -3.29 -99.00  28.61 -99.00 -99.00 -99.00  -99.00  -99.00    0.31    5.57 
198809   0.48   1.10  8.085E-04  1.849E-03    64.142  24.76 1010.97  991.88  12.25  91.17  11.46  -3.70 -99.00  28.11 -99.00 -99.00 -99.00  -99.00  -99.00    0.23    5.17 
198810   0.88   1.21  1.806E-03  2.521E-03  -169.003  24.71 1010.00  990.93  12.34  91.40  12.61  -3.37 -99.00  28.30 -99.00 -99.00 -99.00  -99.00  -99.00    0.03    4.99 
198811   0.32   1.04  4.898E-04  1.576E-03   196.166  24.60 1010.56  991.43  12.44  91.97  25.13  -2.60 -99.00  28.15 -99.00 -99.00 -99.00  -99.00  -99.00    0.30    5.68 
198812  -0.32   0.03 -1.444E-04  1.075E-05    11.276  24.14 1011.15  992.00  12.58  89.28   7.58  -3.34 -99.00  27.38 -99.00 -99.00 -99.00  -99.00  -99.00    0.56    6.46 
198901  -0.68  -0.89 -1.064E-03 -1.371E-03   -15.087  24.07 1010.17  990.99  12.62  89.73  12.37  -3.34 -99.00  27.16 -99.00 -99.00 -99.00  -99.00  -99.00    0.77    6.86 
198902  -0.57  -1.91 -1.594E-03 -5.220E-03  -735.855  24.34 1011.19  991.94  12.45  86.37   7.08  -3.77 -99.00  26.97 -99.00 -99.00 -99.00  -99.00  -99.00    0.67    6.91 
198903  -0.18  -1.59 -4.297E-04 -3.487E-03  -746.888  23.92 1011.38  992.16  12.28  87.17   5.78  -4.09 -99.00  27.35 -99.00 -99.00 -99.00  -99.00  -99.00    0.41    5.95 
198904  -0.22  -0.83 -2.839E-04 -9.760E-04  -115.967  24.66 1009.54  990.40  12.16  92.94   9.82  -3.70 -99.00  27.15 -99.00 -99.00 -99.00  -99.00  -99.00    0.57    6.10 
198905   0.19   0.32  1.025E-04  1.694E-04    15.237  24.56 1010.81  991.68  12.20  92.85  21.19  -3.16 -99.00  28.16 -99.00 -99.00 -99.00  -99.00  -99.00    0.47    5.98 
198906   0.24   0.92  3.285E-04  1.229E-03   133.725  24.49 1010.96  991.87  12.17  93.04  22.47  -3.00 -99.00  28.83 -99.00 -99.00 -99.00  -99.00  -99.00    0.62    6.55 
198907   0.09   0.83  9.941E-05  9.589E-04   112.112  24.19 1011.15  992.05  12.21  93.07  16.86  -3.09 -99.00  28.54 -99.00 -99.00 -99.00  -99.00  -99.00    0.59    6.61 
198908   0.24   1.09  3.656E-04  1.694E-03    76.478  24.44 1010.80  991.71  12.24  91.99  14.39  -3.50 -99.00  28.72 -99.00 -99.00 -99.00  -99.00  -99.00    0.39    5.33 
198909   0.65   1.26  1.267E-03  2.478E-03     4.646  24.70 1010.03  990.95  12.25  92.07  11.06  -3.56 -99.00  28.54 -99.00 -99.00 -99.00  -99.00  -99.00    0.21    5.15 
198910   0.34   0.72  3.745E-04  8.010E-04    57.838  24.49 1010.68  991.57  12.34  92.11  17.78  -3.00 -99.00  28.49 -99.00 -99.00 -99.00  -99.00  -99.00    0.29    5.54 
198911   0.35   0.54  3.113E-04  4.860E-04   -21.059  24.64 1009.72  990.64  12.44  92.14  20.27  -2.80 -99.00  28.19 -99.00 -99.00 -99.00  -99.00  -99.00    0.40    5.94 
198912  -0.22  -0.66 -2.265E-04 -6.282E-04  -118.750  24.50 1011.23  992.09  12.58  89.99   8.46  -3.12 -99.00  27.68 -99.00 -99.00 -99.00  -99.00  -99.00    0.36    6.11 
199001  -0.65  -0.98 -1.079E-03 -1.577E-03   -42.695  24.34 1008.95  989.82  12.62  90.67   9.79  -3.49 -99.00  27.63 -99.00 -99.00 -99.00  -99.00  -99.00    0.84    7.01 
199002  -0.24  -1.76 -6.286E-04 -4.265E-03  -901.096  24.88 1011.50  992.29  12.45  88.76   4.97  -3.77 -99.00  26.85 -99.00 -99.00 -99.00  -99.00  -99.00    0.72    6.51 
199003  -0.42  -1.69 -1.039E-03 -4.041E-03  -398.609  24.98 1010.20  991.03  12.28  91.63   8.99  -3.86 -99.00  27.27 -99.00 -99.00 -99.00  -99.00  -99.00    0.76    6.67 
199004  -0.13  -1.14 -2.224E-04 -1.779E-03  -383.302  25.20 1009.90  990.76  12.16  90.98   9.38  -3.87 -99.00  27.42 -99.00 -99.00 -99.00  -99.00  -99.00    0.52    5.92 
199005  -0.21   0.08 -6.798E-05  2.293E-05     8.338  25.14 1009.74  990.65  12.20  92.66  18.78  -3.26 -99.00  28.50 -99.00 -99.00 -99.00  -99.00  -99.00    0.54    6.45 
199006  -0.02   0.51 -1.104E-05  3.609E-04    73.388  24.69 1009.86  990.79  12.17  93.70  20.60  -2.97 -99.00  28.79 -99.00 -99.00 -99.00  -99.00  -99.00    0.61    6.60 
199007   0.06   0.46  3.929E-05  3.056E-04    49.235  24.50 1010.87  991.78  12.21  91.62  23.08  -3.31 -99.00  28.44 -99.00 -99.00 -99.00  -99.00  -99.00    0.60    6.46 
199008   0.15   0.88  1.763E-04  1.101E-03    61.608  24.67 1010.92  991.84  12.24  92.47  14.52  -3.22 -99.00  28.71 -99.00 -99.00 -99.00  -99.00  -99.00    0.57    6.45 
199009   0.28   0.99  3.867E-04  1.416E-03    16.815  24.65 1010.56  991.47  12.25  91.69  14.29  -3.34 -99.00  28.30 -99.00 -99.00 -99.00  -99.00  -99.00    0.35    5.16 
199010   1.18   1.52  3.097E-03  4.045E-03  -118.706  24.49 1010.76  991.70  12.34  92.41  12.41  -3.52 -99.00  28.56 -99.00 -99.00 -99.00  -99.00  -99.00    0.33    4.63 
199011   0.36   0.77  4.147E-04  9.024E-04    31.614  24.34 1009.62  990.54  12.44  92.61  17.24  -2.85 -99.00  28.55 -99.00 -99.00 -99.00  -99.00  -99.00    0.32    6.07 
199012  -0.47  -0.69 -5.409E-04 -7.675E-04   -77.436  24.32 1010.11  990.98  12.58  90.33   8.06  -3.41 -99.00  28.14 -99.00 -99.00 -99.00  -99.00  -99.00    0.65    6.71 
199101  -0.32  -1.06 -5.076E-04 -1.587E-03  -406.356  24.72 1010.61  991.45  12.62  89.03   6.35  -3.50 -99.00  27.50 -99.00 -99.00 -99.00  -99.00  -99.00    0.79    6.88 
199102  -0.73  -2.26 -2.457E-03 -7.393E-03 -1417.834  25.30 1010.44  991.22  12.45  87.96   4.80  -3.64 -99.00  26.46 -99.00 -99.00 -99.00  -99.00  -99.00    0.63    6.21 
199103  -0.26  -1.20 -4.621E-04 -2.015E-03  -414.713  25.23 1009.96  990.81  12.28  89.35   7.22  -4.06 -99.00  27.45 -99.00 -99.00 -99.00  -99.00  -99.00    0.58    6.40 
199104  -0.22  -0.44 -1.563E-04 -2.918E-04     3.686  24.98 1009.96  990.83  12.16  92.16  11.71  -3.74 -99.00  28.15 -99.00 -99.00 -99.00  -99.00  -99.00    0.58    6.36 
199105   0.12   0.24  4.816E-05  9.109E-05     5.696  25.20 1010.03  990.95  12.20  92.65  16.62  -3.10 -99.00  28.68 -99.00 -99.00 -99.00  -99.00  -99.00    0.51    6.14 
199106  -0.02   0.59 -1.632E-05  4.822E-04    53.814  25.07 1010.37  991.29  12.17  93.49  22.99  -2.94 -99.00  29.04 -99.00 -99.00 -99.00  -99.00  -99.00    0.51    6.19 
199107  -0.14   0.67 -1.396E-04  6.453E-04   101.369  24.49 1010.87  991.77  12.21  92.78  15.96  -3.11 -99.00  29.45 -99.00 -99.00 -99.00  -99.00  -99.00    0.62    6.77 
199108   0.05   0.57  3.863E-05  4.535E-04    50.083  24.55 1011.07  991.98  12.24  91.36  21.87  -3.21 -99.00  29.27 -99.00 -99.00 -99.00  -99.00  -99.00    0.61    6.72 
199109   0.44   0.83  5.571E-04  1.092E-03   -93.235  24.80 1010.43  991.35  12.25  91.13   9.94  -3.45 -99.00  29.26 -99.00 -99.00 -99.00  -99.00  -99.00    0.49    6.50 
199110   0.43   0.80  5.395E-04  1.008E-03    -2.941  24.45 1009.91  990.81  12.34  91.02  15.24  -3.31 -99.00  28.88 -99.00 -99.00 -99.00  -99.00  -99.00    0.35    6.11 
199111   0.11   0.26  4.321E-05  1.017E-04    -2.514  24.24 1009.78  990.67  12.44  91.38  10.16  -3.14 -99.00  28.68 -99.00 -99.00 -99.00  -99.00  -99.00    0.44    6.93 
199112  -0.87  -1.15 -1.754E-03 -2.300E-03    82.547  24.31 1009.81  990.63  12.58  89.22   6.51  -3.35 -99.00  27.49 -99.00 -99.00 -99.00  -99.00  -99.00    0.82    6.99 
199201  -0.35  -1.72 -8.622E-04 -4.151E-03  -720.430  24.32 1009.77  990.59  12.62  90.95   5.11  -3.29 -99.00  26.86 -99.00 -99.00 -99.00  -99.00  -99.00    0.69    6.51 
199202  -0.34  -1.83 -8.990E-04 -4.643E-03 -1065.217  24.67 1010.15  990.97  12.45  88.51   4.02  -3.55 -99.00  27.07 -99.00 -99.00 -99.00  -99.00  -99.00    0.67    6.64 
199203  -0.29  -2.37 -1.038E-03 -7.736E-03 -1921.316  25.22 1009.47  990.28  12.28  89.45   5.82  -3.88 -99.00  26.55 -99.00 -99.00 -99.00  -99.00  -99.00    0.66    6.29 
199204  -0.08  -1.06 -1.568E-04 -1.539E-03  -421.134  25.09 1009.03  989.92  12.16  92.27   8.87  -3.71 -99.00  27.24 -99.00 -99.00 -99.00  -99.00  -99.00    0.46    5.88 
199205   0.27  -0.22  1.131E-04 -8.847E-05  -181.195  25.32 1009.18  990.10  12.20  92.18  16.47  -3.28 -99.00  28.13 -99.00 -99.00 -99.00  -99.00  -99.00    0.29    5.92 
199206   0.19   0.69  1.855E-04  6.953E-04    99.134  25.26 1008.96  989.93  12.17  91.17  15.92  -3.09 -99.00  29.47 -99.00 -99.00 -99.00  -99.00  -99.00    0.61    6.90 
199207   0.33   0.53  2.748E-04  4.590E-04   -35.472  24.24 1010.78  991.69  12.21  92.12  32.55  -2.74 -99.00  28.85 -99.00 -99.00 -99.00  -99.00  -99.00    0.75    7.26 
199208   0.34   0.66  3.393E-04  6.811E-04    -4.179  24.48 1011.01  991.93  12.24  92.02  33.34  -3.02 -99.00  29.05 -99.00 -99.00 -99.00  -99.00  -99.00    0.59    6.44 
199209   0.34   0.98  4.732E-04  1.415E-03    40.737  24.12 1009.82  990.75  12.25  92.23  21.57  -3.16 -99.00  28.51 -99.00 -99.00 -99.00  -99.00  -99.00    0.43    5.97 
199210   0.42   0.42  3.306E-04  3.476E-04   -58.958  24.59 1010.00  990.90  12.34  90.98  17.05  -3.02 -99.00  28.44 -99.00 -99.00 -99.00  -99.00  -99.00    0.43    6.14 
199211   0.50   0.47  4.621E-04  4.487E-04   -62.133  24.49 1009.47  990.40  12.44  90.69  12.10  -3.06 -99.00  28.72 -99.00 -99.00 -99.00  -99.00  -99.00    0.44    6.40 
199212  -0.50  -0.73 -6.189E-04 -8.771E-04     0.729  24.67 1009.65  990.53  12.58  88.13   6.95  -3.33 -99.00  28.10 -99.00 -99.00 -99.00  -99.00  -99.00    0.67    6.57 
199301  -0.23  -0.77 -2.726E-04 -8.570E-04   -33.918  24.30 1010.59  991.44  12.62  91.41  10.62  -3.18 -99.00  27.61  29.77   9.65   3.00   -6.11    1.85    0.64    7.06 
199302  -0.37  -2.00 -1.069E-03 -5.564E-03 -1208.276  24.67 1010.56  991.38  12.45  89.82   6.70  -3.78 -99.00  27.04  30.73  12.18   5.59   -5.74   -2.56    0.58    6.17 
199303  -0.26  -1.25 -4.917E-04 -2.180E-03  -472.581  24.72 1010.52  991.37  12.28  91.44   9.39  -3.90 -99.00  27.39  29.83   8.01   3.15   -7.32    0.77    0.58    6.65 
199304  -0.04  -0.87 -6.762E-05 -1.023E-03  -248.743  25.12 1009.24  990.15  12.16  90.61   9.95  -3.88 -99.00  28.16  28.07   8.62   0.17   -7.15    1.33    0.43    5.91 
199305   0.41   0.34  2.941E-04  2.550E-04   -84.114  24.99 1009.82  990.75  12.20  91.01  13.99  -3.64 -99.00  28.80  27.21   7.13  -1.18   -0.67    4.51    0.29    5.75 
199306  -0.04   0.68 -4.729E-05  6.485E-04   152.955  24.91 1009.54  990.51  12.17  92.16  19.22  -3.08 -99.00  29.17  29.07   3.80   1.73  -10.04    7.44    0.70    6.88 
199307  -0.09   0.49 -6.499E-05  3.497E-04    89.689  24.71 1010.32  991.25  12.21  90.71  17.46  -3.25 -99.00  29.21  29.24   3.12  -1.93   -9.77    6.09    0.72    6.99 
199308   0.46   0.59  4.651E-04  6.130E-04  -106.154  24.66 1010.50  991.43  12.24  92.14  19.16  -3.10 -99.00  29.19  27.77   4.24   1.59   -6.59    4.84    0.63    6.78 
199309   0.54   0.88  7.699E-04  1.271E-03   -51.792  24.07 1010.57  991.50  12.25  93.02  25.55  -3.06 -99.00  28.44  27.43   6.27   0.65   -2.53    7.09    0.45    6.02 
199310   0.53   0.75  6.663E-04  9.687E-04   -60.517  24.31 1010.24  991.16  12.34  92.84  15.17  -3.01 -99.00  28.76  26.90   9.88   4.72   -5.94    7.62    0.47    6.26 
199311   0.40   0.47  3.284E-04  4.050E-04   -54.235  24.17 1010.30  991.21  12.44  92.40  15.56  -2.73 -99.00  28.50  29.48  10.41   7.62   -3.72    4.53    0.31    6.17 
199312  -0.37  -0.53 -3.362E-04 -4.490E-04   -22.448  24.16 1009.54  990.44  12.58  91.83  15.57  -2.93 -99.00  27.87  29.54   9.99   2.88   -8.16    1.27    0.64    6.47 
199401  -0.28  -1.34 -5.464E-04 -2.461E-03  -562.749  24.32 1010.41  991.26  12.62  88.63   5.53  -3.48 -99.00  27.50  29.49   7.11  -1.46   -5.99    0.74    0.78    6.88 
199402  -0.23  -1.83 -6.296E-04 -4.601E-03 -1218.464  24.58 1010.04  990.88  12.45  89.14   5.47  -3.90 -99.00  26.93  30.63   4.11  -6.54   -5.99   -0.92    0.77    6.74 
199403  -0.11  -1.79 -3.148E-04 -4.383E-03 -1304.302  24.87 1010.65  991.48  12.28  89.42   8.36  -3.82 -99.00  26.80  30.22   9.92  -0.16   -6.03   -0.00    0.52    6.06 
199404  -0.13  -1.03 -2.056E-04 -1.462E-03  -208.416  24.68 1010.27  991.15  12.16  93.39  12.39  -3.77 -99.00  27.38  29.20   6.18  -3.44   -5.90    1.76    0.66    6.46 
199405   0.11   0.18  3.447E-05  5.537E-05    15.204  25.14 1009.81  990.75  12.20  91.92  22.67  -3.26 -99.00  28.54  28.59   8.27  -1.17   -7.46    4.61    0.50    5.89 
199406   0.04   0.57  2.859E-05  4.491E-04    67.413  24.75 1010.13  991.08  12.17  92.07  28.23  -3.14 -99.00  28.96  28.89   5.95   1.79   -9.44    6.07    0.77    7.27 
199407   0.21   0.85  2.581E-04  1.046E-03    59.117  24.36 1010.06  991.02  12.21  92.18  20.38  -3.13 -99.00  29.28  29.44   3.54   2.98   -9.21    7.21    0.86    7.57 
199408   0.52   0.85  6.996E-04  1.181E-03   -50.665  24.31 1010.57  991.52  12.24  92.81  19.88  -3.18 -99.00  28.93  28.31   7.05   4.08   -4.27    5.87    0.61    6.74 
199409   0.45   0.83  5.821E-04  1.102E-03   -86.343  24.69 1010.07  991.01  12.25  92.17  22.84  -3.24 -99.00  28.22  27.28   7.72   1.85   -5.13    7.87    0.51    6.32 
199410   0.55   0.89  7.893E-04  1.304E-03  -108.027  24.34 1009.98  990.90  12.34  92.04  20.98  -3.07 -99.00  28.22  29.09  12.78   3.81   -0.35    5.85    0.24    5.51 
199411   0.19   0.66  1.758E-04  6.320E-04    18.614  24.51 1010.09  991.01  12.44  91.16  20.67  -2.96 -99.00  28.19  28.41  13.08  10.01   -3.64    5.93    0.34    6.09 
199412  -0.53  -1.23 -9.953E-04 -2.245E-03  -410.800  24.92 1009.76  990.63  12.58  89.25   7.60  -3.50 -99.00  27.85  30.19  10.20   3.61   -8.27    0.31    0.55    6.24 
199501  -0.58  -1.80 -1.540E-03 -4.602E-03 -1013.907  25.19 1010.35  991.18  12.62  87.10   5.07  -3.93 -99.00  27.36  30.03  12.62   2.89   -5.51   -1.58    0.74    6.60 
199502  -0.36  -2.36 -1.228E-03 -7.646E-03 -2282.267  25.42 1011.43  992.20  12.45  84.06   2.28  -3.83 -99.00  26.85  29.68  10.62  -1.36   -4.43   -1.14    0.59    6.04 
199503  -0.28  -1.56 -6.390E-04 -3.372E-03  -930.953  25.02 1010.38  991.23  12.28  87.99   7.65  -4.18 -99.00  27.35  28.56  10.29  -5.45   -6.91    0.81    0.52    6.13 
199504   0.20  -0.18  6.993E-05 -5.895E-05   -92.782  25.18 1009.11  990.05  12.16  91.55  19.60  -3.50 -99.00  28.05  27.95   7.59  -5.51   -5.33    3.42    0.55    6.24 
199505   0.09   0.13  1.978E-05  2.939E-05    10.337  25.09 1010.37  991.29  12.20  91.92  21.28  -3.40 -99.00  28.76  27.69  11.50   0.75   -7.73    4.62    0.49    6.32 
199506   0.17   0.93  2.231E-04  1.236E-03   148.234  24.97 1010.54  991.48  12.17  91.58  17.57  -3.19 -99.00  28.99  28.99   5.90  -2.45   -4.59    6.56    0.57    6.89 
199507   0.15   0.73  1.515E-04  7.558E-04    25.697  24.60 1010.44  991.36  12.21  91.18  13.32  -3.52 -99.00  29.30  29.20   4.91   0.57   -3.97    6.29    0.60    6.74 
199508   0.59   0.90  8.634E-04  1.339E-03   -83.196  24.67 1010.75  991.70  12.24  90.67  10.81  -3.70 -99.00  29.42  30.18   9.71   0.43    1.73    7.94    0.28    5.56 
199509   0.62   1.12  1.074E-03  1.987E-03    -3.554  24.58 1010.93  991.88  12.25  92.28  18.02  -3.30 -99.00  29.42  28.71  12.00   1.46    2.22    8.36    0.37    5.95 
199510   0.78   1.45  1.767E-03  3.313E-03   136.449  24.22 1010.08  991.04  12.34  93.32  11.19  -3.39 -99.00  28.84  30.20   9.74  -2.30    3.00    8.00    0.09    5.67 
199511   0.14   0.61  1.245E-04  5.434E-04    74.378  24.19 1010.37  991.29  12.44  91.90  27.26  -2.98 -99.00  28.66  27.66   9.13   5.15   -5.86    5.81    0.51    6.75 
199512   0.13   0.22  3.976E-05  6.905E-05     3.226  24.11 1010.87  991.75  12.58  90.42  20.87  -2.92 -99.00  28.37  27.26   6.98   1.10   -7.28    2.91    0.53    6.80 
199601  -0.20  -0.53 -1.659E-04 -4.110E-04   -46.131  23.86 1010.18  991.06  12.62  89.16  11.43  -3.16 -99.00  28.03  29.16   8.79   5.54   -8.63    2.36    0.64    7.28 
199602  -0.44  -1.15 -7.726E-04 -1.918E-03  -286.504  24.18 1010.04  990.90  12.45  91.31  10.05  -3.50 -99.00  27.32  30.68   6.98  -0.31   -4.84   -1.01    0.66    6.91 
199603  -0.17  -1.44 -3.728E-04 -2.790E-03  -973.628  24.16 1010.52  991.38  12.28  91.73   9.23  -3.82 -99.00  27.31  30.51   3.80  -2.36   -6.50    0.39    0.46    6.65 
199604  -0.09  -0.61 -9.319E-05 -5.010E-04   -67.013  24.11 1010.08  990.98  12.16  93.94  14.65  -3.48 -99.00  27.32  28.27   4.24  -2.28   -8.08    1.98    0.61    6.51 
199605   0.21   0.44  1.479E-04  2.987E-04    35.850  24.57 1010.91  991.82  12.20  92.40  19.25  -3.29 -99.00  28.48  28.57   1.81  -3.62   -5.60    6.60    0.58    6.50 
199606   0.15   0.74  1.631E-04  7.844E-04   154.221  24.36 1010.74  991.65  12.17  92.92  37.39  -2.63 -99.00  28.52  29.29   2.72  -2.95   -6.27    6.43    0.60    6.61 
199607   0.25   0.46  1.819E-04  3.349E-04    -5.334  24.35 1011.37  992.27  12.21  91.64  23.40  -3.24 -99.00  28.89  29.00   2.29  -2.46   -8.62    6.52    0.62    7.05 
199608   0.27   0.53  2.177E-04  4.364E-04    38.959  24.42 1010.97  991.88  12.24  92.11  26.29  -3.03 -99.00  29.07  28.35   4.88  -0.32   -4.13    5.33    0.52    6.30 
199609   0.42   0.67  4.565E-04  7.398E-04   -37.695  24.68 1009.83  990.76  12.25  91.54  22.00  -3.12 -99.00  29.33  28.15   6.81   1.36   -0.45    6.72    0.40    5.97 
199610   0.28   0.89  3.557E-04  1.161E-03    57.858  24.36 1010.14  991.08  12.34  91.10  13.06  -3.53 -99.00  28.80  30.45   4.64   3.93    2.38    6.81    0.21    5.86 
199611   0.42   0.73  4.754E-04  8.495E-04    76.117  24.36 1009.16  990.10  12.44  90.77  19.08  -2.96 -99.00  28.04  30.07  10.69   4.88   -0.74    2.73    0.18    6.46 
199612  -0.58  -0.87 -8.470E-04 -1.241E-03    76.358  24.16 1009.49  990.35  12.58  91.79  11.91  -3.07 -99.00  27.71  29.79   5.49   0.68   -8.92    1.24    0.75    7.05 
199701  -0.15  -1.29 -2.825E-04 -2.268E-03  -507.051  24.14 1011.36  992.19  12.62  88.97   6.59  -3.38 -99.00  26.97  29.32   7.20   2.77   -7.36   -0.47    0.58    6.36 
199702  -0.40  -0.95 -5.963E-04 -1.330E-03  -132.403  24.30 1009.20  990.09  12.45  92.49  12.93  -3.46 -99.00  27.09  29.61  10.04   2.52   -7.95    1.98    0.92    7.41 
199703  -0.20  -2.05 -6.265E-04 -5.772E-03 -1706.419  25.27 1010.11  990.91  12.28  86.45   4.06  -4.18 -99.00  26.85  31.50   4.63  -4.49   -4.88   -1.81    0.76    6.52 
199704  -0.14  -1.23 -2.655E-04 -2.049E-03  -607.895  24.85 1010.53  991.38  12.16  91.61   8.62  -3.82 -99.00  27.11  29.88   6.76  -3.14   -7.20    2.43    0.50    6.06 
199705  -0.22  -0.21 -1.008E-04 -9.206E-05    80.991  25.17 1009.23  990.17  12.20  93.53  18.63  -3.21 -99.00  28.53  28.81   7.38   3.15   -8.76    3.63    0.65    6.67 
199706  -0.08   0.57 -6.527E-05  4.654E-04   114.795  24.80 1009.84  990.78  12.17  92.35  10.85  -3.72 -99.00  29.00  28.83   1.10   1.84   -9.85    8.95    0.48    6.68 
199707   0.05   0.27  1.579E-05  1.049E-04    -8.209  25.44 1008.89  989.89  12.21  91.76  13.67  -3.56 -99.00  29.56  29.95   2.08   1.36  -12.18    5.19    0.76    7.27 
199708   0.27   0.23  1.052E-04  1.261E-04  -150.098  25.34 1009.56  990.55  12.24  90.90  11.04  -3.93 -99.00  29.84  27.76   5.21   4.62   -8.58    3.95    0.70    6.96 
199709   0.25   0.78  2.735E-04  8.878E-04    29.517  25.26 1009.62  990.59  12.25  90.71  13.55  -3.62 -99.00  29.42  26.30  12.32  -1.13   -7.32    6.56    0.40    6.18 
199710   0.28   0.75  3.034E-04  8.281E-04    53.655  25.06 1009.46  990.43  12.34  91.06  14.95  -3.62 -99.00  28.72  27.38   9.11   0.22   -6.67    6.17    0.25    5.72 
199711   0.26   0.79  2.944E-04  9.143E-04   115.237  24.52 1009.75  990.70  12.44  92.58  16.11  -2.89 -99.00  29.07  28.13   3.73   2.53   -5.75    8.16    0.45    6.41 
199712  -0.30  -1.36 -6.135E-04 -2.561E-03  -823.896  25.55 1008.78  989.70  12.58  90.61   6.36  -3.51 -99.00  28.12  29.15   7.38   4.00   -8.09    0.44    0.54    6.61 
199801  -0.27  -1.97 -7.940E-04 -5.381E-03 -1448.180  26.11 1008.13  989.01  12.62  88.14   3.61  -3.58   0.07  27.55  29.36   9.90   1.23   -5.83   -0.33    0.69    6.75 
199802  -0.18  -1.40 -3.867E-04 -2.686E-03  -921.474  25.70 1009.66  990.55  12.45  90.68   9.58  -3.33   1.07  27.67  28.72   6.52  -2.52   -5.96    0.66    0.43    6.52 
199803  -0.44  -1.91 -1.254E-03 -5.120E-03 -1229.776  25.87 1008.89  989.76  12.28  89.51   6.12  -4.07   1.71  27.77  30.04   8.23  -4.05   -4.73   -2.15    0.57    6.43 
199804  -0.46  -1.42 -9.687E-04 -2.907E-03  -398.756  26.00 1009.39  990.30  12.16  90.01   8.93  -3.72  11.24  27.98  28.77   9.98  -1.93   -8.84    0.07    0.49    6.03 
199805   0.03   0.03 -1.392E-06  1.620E-06    -6.622  25.81 1010.19  991.13  12.20  91.98  16.20  -3.49  13.07  29.01  27.82   9.90  -1.61   -6.06    4.60    0.40    5.78 
199806   0.01   0.55  2.351E-06  4.191E-04    67.529  25.09 1010.69  991.64  12.17  92.26  16.80  -3.07  13.21  29.60  28.26   4.18  -0.35   -8.12    6.77    0.51    6.37 
199807  -0.08   0.68 -8.058E-05  6.610E-04    47.474  24.53 1011.15  992.07  12.21  92.81  11.44  -3.36  11.03  29.37  29.66   3.85  -2.47   -8.23    5.99    0.58    6.71 
199808   0.14   0.72  1.336E-04  7.360E-04    63.177  24.65 1010.72  991.65  12.24  91.45  26.05  -3.43  13.56  30.15  28.46   8.29   1.60   -3.37    6.11    0.42    5.79 
199809   0.60   1.18  1.083E-03  2.160E-03    41.113  24.76 1010.74  991.69  12.25  91.22  13.52  -3.67   4.40  29.43  30.44  11.41   2.57    3.61    9.94    0.18    5.45 
199810   0.75   1.19  1.462E-03  2.345E-03  -112.837  24.59 1010.24  991.21  12.34  91.85  11.73  -3.40  11.44  29.02  30.56  11.80   2.67    4.42    7.34    0.23    6.13 
199811   0.26   0.90  3.397E-04  1.190E-03   104.303  24.31 1010.02  990.93  12.44  91.54  18.15  -3.19  11.75  28.83  29.07   7.05  -0.04   -4.91    6.63    0.51    6.49 
199812   0.24   0.32  1.276E-04  1.803E-04   -31.361  24.22 1010.46  991.35  12.58  91.20  17.56  -3.10  13.52  28.51  29.07   9.42   3.97   -3.56    3.60    0.55    6.84 
199901  -0.59  -0.87 -8.735E-04 -1.260E-03   -13.292  24.26 1010.17  991.04  12.62  88.27   9.96  -3.32   8.92  27.83  30.03   6.98  -0.15   -8.36    1.37    0.73    6.70 
199902  -0.33  -1.34 -6.256E-04 -2.488E-03  -547.714  24.04 1011.01  991.82  12.45  91.78   9.58  -3.48   4.87  26.36  31.18   7.18  -0.10   -4.05   -2.58    0.70    6.52 
199903  -0.54  -1.55 -1.256E-03 -3.451E-03  -599.794  24.64 1009.79  990.63  12.28  90.03   7.96  -3.88   4.20  27.22  30.75  12.04   1.92   -6.39   -1.32    0.54    5.84 
199904   0.02  -0.50  2.927E-06 -3.217E-04  -141.707  24.63 1010.26  991.15  12.16  92.56  18.12  -3.59  20.25  27.95  28.69  11.25   2.47   -6.61    3.15    0.61    6.43 
199905   0.27   0.60  2.432E-04  5.512E-04    15.442  24.40 1011.01  991.91  12.20  92.77  13.78  -3.20   8.47  28.72  28.93   5.68   0.12   -6.73    5.52    0.42    6.07 
199906   0.21   0.83  2.504E-04  9.990E-04    67.758  24.35 1010.93  991.84  12.17  91.14  24.48  -3.13  12.76  29.07  29.07   5.28  -4.43   -3.24    6.41    0.50    6.22 
199907   0.16   0.77  1.700E-04  8.393E-04    56.089  24.31 1011.39  992.29  12.21  91.03  16.03  -3.27  18.43  28.95  28.33   6.47  -1.23   -8.43    6.66    0.63    6.78 
199908   0.58   0.92  8.595E-04  1.396E-03  -125.404  24.30 1011.47  992.38  12.24  91.67  18.26  -3.41  10.83  28.82  30.24  10.83   1.10    1.95    8.13    0.31    5.64 
199909   1.04   1.50  2.587E-03  3.799E-03  -131.892  24.19 1011.12  992.06  12.25  91.62   9.80  -3.70   6.67  28.39  31.64  10.27  -0.13    9.69    8.51    0.07    5.52 
199910   1.04   1.45  2.546E-03  3.566E-03  -199.264  24.14 1011.19  992.12  12.34  92.04  12.32  -3.58  12.30  28.91  31.09  11.43  -0.81    7.43    8.50    0.15    5.16 
199911   0.87   0.73  1.325E-03  1.148E-03  -260.720  23.87 1010.73  991.65  12.44  91.86  10.43  -3.15   8.03  28.44  30.86  15.60   8.55    5.02    1.59    0.21    5.99 
199912  -0.20  -0.09 -6.503E-05 -1.828E-05   -13.852  24.11 1011.13  991.98  12.58  89.38   8.67  -3.16   7.54  27.95  27.66   8.32   0.40   -7.39    5.54    0.64    7.23 
200001  -0.67  -0.97 -1.083E-03 -1.543E-03  -100.776  24.14 1011.20  992.00  12.62  84.93   4.72  -3.58   3.16  27.19  30.74   8.82   2.44   -7.72    1.90    0.80    6.91 
200002  -0.64  -1.67 -1.600E-03 -4.096E-03  -532.136  24.39 1012.10  992.86  12.45  88.01   8.20  -3.91   2.83  26.64  31.19  12.41   0.36   -4.88   -1.98    0.78    6.57 
200003  -0.28  -1.66 -6.956E-04 -3.787E-03 -1157.904  24.50 1010.57  991.37  12.28  87.90   5.84  -3.83   2.52  26.45  30.22   6.38  -2.29   -7.35   -0.87    0.63    6.30 
200004  -0.08  -1.24 -1.594E-04 -2.089E-03  -597.570  24.76 1010.55  991.40  12.16  91.34   9.86  -3.67   8.13  27.27  29.29   8.24  -0.50   -8.02    0.57    0.64    6.46 
200005   0.22   0.13  7.559E-05  5.088E-05   -30.041  24.83 1010.52  991.42  12.20  92.49  26.04  -3.08  14.01  28.15  27.02   8.71  -0.91   -7.63    4.95    0.52    6.05 
200006   0.17   0.50  1.321E-04  3.763E-04    23.540  24.71 1010.54  991.47  12.17  91.91  19.71  -3.06  14.82  29.03  27.97   6.40   2.11   -9.74    5.99    0.73    7.15 
200007   0.29   0.61  2.777E-04  5.764E-04    21.710  24.44 1010.27  991.21  12.21  91.23  28.45  -3.15  12.62  28.90  28.90   8.70  -1.15   -5.01    4.69    0.65    6.62 
200008   0.32   0.78  3.585E-04  9.120E-04    38.926  24.57 1010.13  991.09  12.24  91.52  24.18  -3.26   9.02  28.52  27.88   5.33  -1.93   -6.98    5.90    0.61    6.58 
200009   0.69   1.02  1.165E-03  1.747E-03  -122.684  24.30 1010.73  991.67  12.25  91.67  13.35  -3.49   8.75  28.39  30.16   8.30  -1.74    6.53    6.17    0.21    5.05 
200010   0.26   0.88  3.279E-04  1.129E-03    31.140  24.40 1010.37  991.28  12.34  92.61  18.47  -2.86  12.43  29.13  28.45  12.10   1.24   -4.68    6.56    0.35    5.99 
200011   0.25   0.23  1.134E-04  1.103E-04   -35.773  24.54 1009.85  990.77  12.44  89.96  11.21  -3.19   9.70  28.90  27.64  14.97   9.23   -3.82    3.55    0.46    6.33 
200012  -0.18  -0.38 -1.084E-04 -2.026E-04   -55.254  24.49 1010.17  991.07  12.58  89.16  13.63  -3.03   9.46  28.56  29.54  12.56   4.66   -6.35    2.75    0.54    6.77 
200101  -0.44  -1.46 -9.560E-04 -3.047E-03  -626.304  24.38 1011.11  991.92  12.62  88.47   7.56  -3.60   3.57  27.30  29.80  10.61   0.73   -5.51   -2.44    0.70    6.53 
200102  -0.22  -1.85 -6.130E-04 -4.667E-03 -1385.938  25.34 1009.50  990.32  12.45  83.16   2.06  -3.95   0.32  26.94  30.59   9.27  -2.48   -4.31    0.26    1.03    7.45 
200103  -0.18  -1.67 -4.556E-04 -3.801E-03 -1137.879  24.92 1010.72  991.51  12.28  87.58   5.28  -3.58   6.72  26.46  30.48  11.32  -0.58   -7.11   -0.50    0.51    6.39 
200104  -0.23  -1.11 -3.946E-04 -1.717E-03  -397.816  25.26 1010.36  991.22  12.16  90.95   9.35  -3.89   4.45  27.29  29.21  12.53   1.18   -8.84    1.34    0.71    6.59 
200105   0.35   0.15  1.763E-04  8.714E-05   -95.853  25.14 1010.55  991.46  12.20  91.84  26.67  -2.96  12.40  28.06  26.97  10.05   0.16   -2.79    2.57    0.37    5.89 
200106   0.38   0.51  3.325E-04  4.592E-04   -30.779  24.84 1010.52  991.45  12.17  91.51  26.29  -3.03  12.07  28.81  27.86   6.19  -2.46   -8.33    5.20    0.72    6.99 
200107   0.32   0.71  3.364E-04  7.641E-04    29.494  24.64 1010.87  991.80  12.21  91.25  30.23  -3.08  11.07  28.57  28.39  10.45   4.36   -6.18    5.54    0.63    6.66 
200108   0.48   0.99  7.048E-04  1.514E-03   -37.871  24.90 1010.69  991.65  12.24  91.59  25.88  -3.10  15.87  28.82  27.79  11.83   4.33   -6.02    7.02    0.61    6.82 
200109   0.57   1.07  9.258E-04  1.806E-03   -75.222  24.59 1010.76  991.71  12.25  91.14  21.99  -3.42  10.39  29.48  28.13   9.35   2.68    0.83    7.47    0.31    5.85 
200110   0.57   0.78  7.376E-04  1.046E-03   -93.058  24.75 1010.11  991.05  12.34  92.75  23.79  -2.93   9.37  28.76  29.10  11.33   8.22   -0.57    6.98    0.34    6.10 
200111   0.47   0.72  5.679E-04  8.665E-04    -9.244  24.84 1010.26  991.17  12.44  90.11  25.73  -2.79  18.77  28.65  27.87  16.16   8.34   -5.26    3.81    0.29    6.58 
200112   0.18   0.21  6.851E-05  7.976E-05     4.421  24.89 1009.05  989.99  12.58  91.44  26.29  -2.82   7.56  28.13  27.26   8.86   5.89   -4.82    3.54    0.51    6.60 
200201  -0.30  -1.22 -5.475E-04 -2.080E-03  -473.120  25.13 1010.30  991.20  12.62  90.03   7.63  -3.63  11.38  28.27  29.05  11.04   7.96   -7.84    0.26    0.74    7.03 
200202  -0.42  -2.19 -1.339E-03 -6.714E-03 -1630.212  25.45 1010.64  991.47  12.45  87.93   5.33  -4.02   0.48  27.40  30.80  10.88   3.45   -3.70   -2.54    0.75    6.61 
200203  -0.52  -2.05 -1.555E-03 -5.932E-03 -1194.618  25.64 1010.22  991.05  12.28  88.93   6.54  -4.42   1.49  27.19  30.70  13.95   2.08   -5.38   -0.64    0.72    6.47 
200204  -0.39  -1.58 -9.114E-04 -3.534E-03  -562.594  25.27 1010.22  991.06  12.16  91.11  10.44  -3.96  14.65  27.14  29.60  10.80   2.34   -7.85    1.65    0.60    6.21 
200205   0.23   0.07  7.131E-05  2.598E-05   -38.177  25.58 1009.53  990.47  12.20  91.54  16.02  -3.28  10.30  28.75  29.03   8.45   0.83   -1.57    3.97    0.56    6.79 
200206   0.34   0.58  3.134E-04  5.409E-04    -5.094  25.22 1010.40  991.35  12.17  90.89  28.10  -3.07  15.95  28.93  30.32   6.81  -3.49   -6.27    7.88    0.52    6.66 
200207   0.40   0.87  5.179E-04  1.159E-03    -1.367  25.11 1010.79  991.75  12.21  91.64  36.34  -3.02  11.39  28.60  28.89   8.69   2.95   -5.61    6.05    0.75    7.05 
200208   0.63   0.80  8.567E-04  1.132E-03  -212.014  25.13 1010.10  991.07  12.24  91.61  21.09  -3.28  14.63  29.47  27.62  11.83   4.23   -4.48    5.87    0.58    6.49 
200209   0.60   1.23  1.109E-03  2.333E-03    59.113  24.85 1010.42  991.38  12.25  91.79  19.63  -3.16   8.74  29.41  29.54  15.17   6.30    2.21    7.98    0.22    5.75 
200210   0.47   0.81  6.009E-04  1.057E-03   -41.868  24.88 1009.57  990.52  12.34  91.49  18.09  -3.23  12.13  29.39  27.34  16.32   6.47   -4.05    7.37    0.38    6.12 
200211  -0.12   0.18 -3.583E-05  4.935E-05    -8.707  24.92 1010.04  990.95  12.44  91.32  22.97  -3.38  10.04  28.97  27.96  12.52   4.95  -10.99    3.89    0.51    6.56 
200212  -0.22  -0.87 -2.906E-04 -1.067E-03  -229.675  25.44 1010.06  990.97  12.58  90.22   8.57  -3.27   3.90  28.80  28.04  16.48   5.43   -7.03    0.43    0.69    6.71 
200301  -0.38  -2.44 -1.354E-03 -8.224E-03 -2496.114  25.69 1010.39  991.23  12.62  88.48   5.15  -3.81   0.24  27.48  29.16  16.96  10.22   -1.91   -1.75    0.64    6.35 
200302  -0.17  -1.89 -5.052E-04 -4.871E-03 -1327.556  25.68 1009.70  990.57  12.45  88.60   5.48  -3.93   0.31  27.33  28.84  13.15  -0.14   -5.34   -0.45    0.80    6.90 
200303   0.14  -1.32  1.987E-04 -2.346E-03 -1257.090  25.72 1009.90  990.77  12.28  86.92   5.37  -4.35   4.53  27.70  29.40  12.53  -4.37   -3.88    1.18    0.58    6.10 
200304  -0.05  -1.02 -9.676E-05 -1.367E-03  -597.464  25.42 1010.37  991.24  12.16  90.66  15.51  -3.57  14.23  27.82  28.39  15.49   1.50   -4.60   -0.44    0.39    5.85 
200305   0.35   0.23  1.971E-04  1.388E-04   -55.912  25.45 1010.05  990.98  12.20  91.91  38.16  -2.86  12.02  29.23  26.15  10.46   0.19   -4.54    4.40    0.60    6.76 
200306   0.45   0.82  5.752E-04  1.060E-03   -22.381  24.75 1010.87  991.80  12.17  91.69  13.46  -3.26  10.44  29.02  29.12   6.33   0.26   -6.90    8.72    0.48    6.31 
200307   0.31   0.60  2.807E-04  5.627E-04   -31.533  24.85 1010.87  991.80  12.21  91.73  23.05  -2.92  13.86  28.92  27.49   7.52   5.32   -6.69    6.15    0.59    6.66 
200308   0.47   0.82  5.913E-04  1.075E-03  -115.712  24.87 1011.14  992.06  12.24  91.69  18.77  -3.04   8.70  28.80  26.70  11.77   6.43   -4.47    4.20    0.43    5.89 
200309   0.55   0.96  8.315E-04  1.475E-03  -102.521  24.98 1010.92  991.85  12.25  91.80  18.22  -2.94  13.30  28.87  26.51  14.65   9.22   -1.99    8.56    0.30    5.60 
200310   0.87   1.13  1.693E-03  2.241E-03  -154.931  24.93 1010.22  991.18  12.34  91.50  23.42  -3.11  10.72  28.85  30.14  16.16   5.09    5.32    7.50    0.03    4.87 
200311   0.50   0.59  5.187E-04  6.255E-04   -85.665  24.97 1009.73  990.67  12.44  91.56  15.69  -3.14   7.26  28.79  27.47  18.94  11.76   -2.95    4.80    0.23    6.18 
200312  -0.09  -0.38 -5.250E-05 -2.000E-04   -15.051  24.80 1009.81  990.71  12.58  91.66  16.06  -2.95   8.20  28.17  28.77  15.82   8.11   -5.88    1.75    0.36    6.75 
200401  -0.86  -2.18 -2.798E-03 -7.022E-03  -908.063  25.19 1011.21  991.99  12.62  84.96   3.93  -3.84   1.02  27.71  30.75  11.62   2.93   -5.48   -1.60    0.72    6.30 
200402  -0.46  -2.12 -1.415E-03 -6.277E-03 -1684.759  25.78 1010.62  991.45  12.45  85.46   4.78  -4.27   0.39  27.90  30.29  12.62   3.31   -5.37   -0.68    0.74    6.55 
200403  -0.61  -2.36 -2.083E-03 -7.812E-03 -1745.297  25.91 1009.40  990.24  12.28  87.52   5.79  -4.40   0.33  26.82  31.01  14.27   1.39   -3.53   -2.53    0.91    7.05 
200404  -0.30  -1.58 -6.928E-04 -3.419E-03  -956.089  25.17 1010.40  991.25  12.16  90.68  10.53  -3.82   8.14  27.50  29.04  10.16  -1.36   -7.90    0.30    0.47    5.87 
200405   0.23  -0.13  8.385E-05 -4.560E-05   -25.584  25.09 1009.93  990.85  12.20  91.39  21.78  -3.41  12.07  28.93  27.96  12.10   5.86   -4.50    3.17    0.59    6.62 
200406   0.37   0.05  1.777E-04  3.302E-05  -110.860  24.95 1009.97  990.93  12.17  92.41  53.21  -2.82  18.85  29.31  26.39   9.65   3.15   -5.47    3.31    0.75    7.23 
200407   0.19   0.42  1.192E-04  2.669E-04   -10.310  24.25 1010.44  991.35  12.21  92.95  29.73  -3.07   8.09  28.85  27.09   7.69   2.14   -3.31    3.84    0.54    6.39 
200408   0.45   0.73  5.092E-04  8.639E-04  -153.307  24.83 1010.30  991.25  12.24  92.18  35.48  -2.85   9.65  28.97  26.75  10.95   4.94   -5.37    4.91    0.50    6.64 
200409   0.70   0.40  7.643E-04  4.426E-04  -289.969  24.77 1010.36  991.29  12.25  91.75  16.89  -2.96  15.27  29.09  26.90  14.09   2.20    0.95    6.72    0.06    6.19 
200410   0.84   0.67  1.220E-03  9.867E-04  -308.813  24.98 1010.11  991.04  12.34  91.72  23.70  -2.98   7.78  29.07  28.43  12.17   5.48    2.28    5.99    0.16    5.96 
200411  -0.06  -0.25 -2.376E-05 -8.722E-05   -36.788  25.05 1009.57  990.48  12.44  90.00  15.01  -2.94  10.22  28.31  27.85  11.24   2.14   -5.19    1.58    0.49    6.93 
200412  -0.83  -1.58 -2.055E-03 -3.851E-03  -333.244  25.35 1009.87  990.72  12.58  87.47   5.43  -3.68   8.35  28.07  28.99  13.38   3.67   -6.19   -2.45    0.64    6.45 
200501  -1.02  -2.38 -3.666E-03 -8.466E-03 -1138.888  25.67 1010.19  990.97  12.62  86.72   5.80  -3.79   3.00  27.28  29.48  16.85   5.59   -4.59   -2.01    0.73    6.82 
200502  -0.91  -3.13 -4.160E-03 -1.401E-02 -3017.681  25.88 1010.09  990.82  12.45  82.93   2.42  -3.81   1.36  26.20  29.64  13.71   6.89   -2.48   -3.95    0.69    6.36 
200503   0.03  -1.50  2.137E-05 -3.030E-03 -1383.721  25.83 1010.63  991.50  12.28  88.56   8.54  -3.87   0.94  27.57  27.45   8.02  -3.41   -7.82    0.02    0.48    5.88 
200504  -0.27  -1.14 -4.603E-04 -1.833E-03  -371.212  26.18 1009.29  990.20  12.16  90.31  20.04  -3.57   6.50  28.37  27.83  11.34   0.95   -4.75   -3.45    0.44    5.94 
200505   0.31   0.31  1.840E-04  1.849E-04     0.307  25.74 1009.66  990.60  12.20  90.23  32.10  -3.09   9.90  29.23  27.31  12.92   1.98   -4.19    7.17    0.32    5.82 
200506   0.47   0.91  6.563E-04  1.288E-03    63.627  25.77 1009.51  990.50  12.17  89.89  34.06  -3.05  18.43  29.13  28.71   9.47   1.71   -1.94    7.65    0.46    6.20 
200507   0.23   0.54  1.831E-04  4.421E-04   -39.529  25.68 1010.26  991.22  12.21  90.49  30.89  -3.23   9.05  28.89  27.54   5.64  -1.52   -3.68    4.91    0.53    6.54 
200508   0.63   0.60  7.375E-04  7.168E-04  -168.995  25.28 1010.18  991.14  12.24  90.71  35.05  -2.95  11.86  29.25  27.95   9.25   3.09    0.85    3.79    0.32    5.85 
200509   0.51   0.99  7.566E-04  1.512E-03    30.976  25.12 1010.02  990.99  12.25  92.51  39.03  -2.78  11.34  29.02  27.51  12.83   1.01    1.44    6.76    0.25    5.80 
200510   1.09   1.70  2.984E-03  4.720E-03   179.525  24.89 1010.39  991.36  12.34  91.69  24.04  -3.39   6.31  28.73  32.28  11.83   0.96   12.17    7.27    0.44    5.33 
200511   0.63   0.42  6.326E-04  4.531E-04  -288.490  25.00 1009.69  990.62  12.44  91.17  30.83  -2.61  10.44  28.25  27.65   9.42   5.29   -0.33    1.01    0.26    6.56 
200512  -0.19  -0.73 -2.062E-04 -7.524E-04  -124.073  24.53 1010.04  990.92  12.58  89.68  12.32  -3.03   8.63  28.25  24.87   8.86   2.70   -7.21    1.13    0.62    6.44 
200601  -0.44  -1.27 -8.355E-04 -2.328E-03  -296.358  24.95 1009.58  990.45  12.62  88.47   8.25  -3.34   3.03  27.75  28.17  11.89   5.27   -6.30   -0.61    0.77    6.99 
200602  -0.40  -2.24 -1.302E-03 -6.982E-03 -1777.068  25.31 1009.98  990.79  12.45  85.85   4.84  -3.92   2.70  27.27  29.49  15.83   5.24   -1.70   -3.22    0.77    6.69 
200603  -0.54  -2.15 -1.680E-03 -6.520E-03 -1341.705  25.20 1010.22  991.03  12.28  90.71   8.24  -4.13   8.76  26.82  29.87  10.53  -1.14   -5.54   -2.71    0.70    6.31 
200604  -0.08  -1.31 -1.586E-04 -2.321E-03  -757.291  25.18 1009.84  990.71  12.16  89.50   9.64  -4.07   7.81  27.39  27.61   8.07  -0.66   -7.60   -0.35    0.44    5.69 
200605   0.28  -0.14  1.170E-04 -5.849E-05  -103.858  25.12 1010.28  991.20  12.20  92.19  20.33  -2.92  15.69  29.02  27.37  11.86   4.60   -2.06    3.18    0.40    5.77 
200606   0.46   0.74  5.548E-04  8.930E-04     8.959  25.18 1010.09  991.05  12.17  92.13  18.50  -3.28  11.74  29.23  27.88   9.48   4.71   -3.31    5.25    0.40    5.95 
200607   0.69   0.71  9.382E-04  9.828E-04  -163.584  25.30 1010.21  991.19  12.21  92.69  39.12  -2.62  14.17  29.32  27.03   4.51   1.60   -2.93    5.20    0.66    6.95 
200608   0.28   0.24  1.384E-04  1.206E-04   -25.891  25.42 1009.50  990.46  12.24  91.63  33.75  -3.18  10.10  29.34  26.70   9.08   3.38   -6.68    4.78    0.55    6.33 
200609   0.29   0.03  1.153E-04  1.468E-05   -52.890  25.37 1010.14  991.07  12.25  89.76  20.31  -3.46   7.52  29.12  24.63  16.67   6.21   -5.32    3.15    0.41    6.11 
200610   0.64   0.68  8.020E-04  8.810E-04  -188.699  25.05 1009.72  990.67  12.34  91.48  26.14  -3.08  11.13  28.85  27.12  12.58   7.26    1.68    5.77    0.17    5.63 
200611   0.46   0.32  3.469E-04  2.547E-04  -107.450  24.69 1009.27  990.19  12.44  90.63  15.85  -2.96  11.80  28.84  27.23  11.88   8.20   -1.91    3.24    0.17    6.62 
200612  -0.56  -0.81 -7.832E-04 -1.119E-03     7.783  24.99 1010.09  990.96  12.58  90.51   9.49  -3.21   6.63  27.94  28.08  10.72   7.30   -8.10    2.19    0.70    7.02 
200701  -0.80  -2.21 -2.634E-03 -7.094E-03 -1339.965  25.93 1009.22  990.06  12.62  86.89   4.66  -3.92   1.59  27.90  30.89   7.35  -0.27   -3.75   -1.15    0.95    6.96 
200702  -0.17  -2.19 -6.057E-04 -6.546E-03 -2363.759  26.00 1010.68  991.49  12.45  84.50   3.10  -3.96   0.79  27.64  30.56   8.77  -1.21   -3.89   -2.28    0.63    6.35 
200703  -0.24  -1.72 -6.199E-04 -4.085E-03  -921.154  25.45 1009.54  990.41  12.28  90.70   8.91  -4.20   0.76  27.77  29.91   6.45   0.32   -6.22   -1.49    0.60    6.34 
200704   0.05  -0.57  2.228E-05 -4.120E-04  -304.591  25.58 1010.45  991.34  12.16  90.62  15.76  -3.53  20.45  29.01  27.56   7.19  -0.18   -6.02    0.53    0.46    6.18 
200705   0.55   0.13  4.189E-04  1.073E-04  -215.029  25.36 1010.11  991.05  12.20  91.13  18.40  -2.85  23.35  29.39  27.02  10.99   3.06    1.76    1.62    0.32    6.05 
200706   0.24   0.53  1.842E-04  4.237E-04    27.050  25.32 1010.01  990.96  12.17  91.35  30.78  -3.13  15.99  28.99  27.81  10.09  -0.56   -4.68    4.20    0.60    6.75 
200707   0.43   0.65  4.510E-04  7.144E-04   -51.586  25.14 1010.54  991.48  12.21  92.39  33.58  -2.93  13.04  28.76  27.81   7.51   4.70   -5.84    5.68    0.66    6.89 
200708   0.81   0.72  1.183E-03  1.091E-03  -367.243  24.69 1010.51  991.44  12.24  92.29  31.51  -2.78  15.79  29.00  27.14  11.55   0.78   -0.33    5.08    0.31    6.13 
200709   0.44   0.41  3.611E-04  3.432E-04   -92.916  24.86 1010.36  991.28  12.25  91.37  30.18  -2.89  15.93  29.26  25.46  16.38   6.11   -3.54    5.39    0.37    5.77 
200710   1.24   1.62  3.473E-03  4.557E-03   -92.795  24.41 1010.29  991.27  12.34  92.85  14.53  -3.46   6.84  28.65  32.51  14.31   5.88   12.83    7.24    0.32    4.95 
200711   0.25   0.48  1.909E-04  3.665E-04    27.459  24.73 1008.92  989.84  12.44  92.38  37.82  -2.53  12.22  28.39  27.93  14.66  10.76   -2.66    2.07    0.37    6.86 
200712   0.14  -0.16  3.692E-05 -4.549E-05   -45.681  24.09 1010.42  991.30  12.58  91.35  25.81  -2.61  13.64  28.15  27.17  10.41   1.88   -5.81    0.91    0.67    6.74 
200801  -0.77  -2.25 -2.529E-03 -7.250E-03 -1462.854  25.10 1009.75  990.57  12.62  86.14   4.72  -3.86   4.06  27.64  30.24  11.07   1.71   -3.25   -3.05    0.85    6.80 
200802  -0.22  -1.45 -4.882E-04 -2.884E-03  -822.295  24.50 1011.04  991.86  12.45  89.45   9.43  -3.48   3.64  27.48  29.45   8.35  -0.11   -6.35   -1.80    0.78    6.81 
200803  -0.25  -1.94 -6.947E-04 -5.161E-03 -1323.016  24.55 1010.70  991.52  12.28  89.59   6.95  -4.12   3.82  27.46  30.73   7.81   0.78   -4.67    0.15    0.73    6.55 
200804  -0.24  -1.30 -4.708E-04 -2.355E-03  -513.443  24.87 1009.57  990.45  12.16  91.51  12.30  -3.83   9.63  28.13  29.29   6.71   2.30   -8.54   -0.73    0.58    6.31 
200805   0.17   0.06  3.431E-05  1.825E-05   -43.884  24.65 1010.38  991.28  12.20  91.86  18.40  -3.12  16.28  28.38  27.45   9.42   2.16   -5.88    6.12    0.48    5.92 
200806   0.26   0.16  1.097E-04  7.041E-05   -21.523  24.75 1010.23  991.15  12.17  92.14  19.04  -2.93  14.15  28.69  26.82   4.90   2.46   -7.26    4.30    0.64    6.90 
200807   0.35   0.59  3.214E-04  5.578E-04   -86.283  24.31 1011.00  991.91  12.21  92.48  23.72  -2.94  14.38  28.70  27.20   6.19   1.67   -4.36    4.22    0.61    6.98 
200808   0.52   1.01  7.963E-04  1.597E-03    -0.150  24.39 1010.40  991.34  12.24  91.95  17.24  -3.28   6.53  29.22  28.94  10.99   4.19    0.65    6.92    0.27    5.65 
200809   0.67   0.78  9.482E-04  1.105E-03  -103.696  24.84 1010.17  991.13  12.25  91.02  19.52  -3.24  12.75  29.18  29.02  16.37  11.30    1.60    4.98    0.10    5.45 
200810   0.55   0.93  8.169E-04  1.390E-03   -37.528  24.56 1010.65  991.58  12.34  91.44  16.51  -3.48  15.71  29.62  30.03  13.28   5.50   -0.10    6.92    0.31    6.06 
200811   0.93   0.55  1.373E-03  8.365E-04  -396.183  24.39 1010.14  991.07  12.44  92.57  25.46  -2.46   6.75  28.85  28.44  22.26  15.55    4.48    3.17    0.06    6.64 
200812  -0.55  -0.99 -8.630E-04 -1.536E-03   -69.978  24.79 1010.60  991.46  12.58  88.44  11.68  -3.09   8.32  28.22  29.02  14.00   9.47   -8.81    1.40    0.77    7.06 
200901  -0.40  -1.39 -7.982E-04 -2.717E-03  -574.062  25.01 1010.66  991.49  12.62  89.30  10.56  -3.16   5.59  27.30  28.79   7.47   2.76   -5.29   -0.46    0.68    6.59 
200902  -0.82  -2.15 -2.640E-03 -6.800E-03  -849.265  25.08 1009.97  990.76  12.45  89.05   7.45  -3.81   2.46  27.38  30.04  12.78   5.42   -2.95   -3.69    0.90    7.13 
200903  -0.71  -2.42 -2.507E-03 -8.382E-03 -1538.045  25.51 1010.23  991.00  12.28  86.66   5.72  -4.33   1.90  26.94  30.50  13.59   5.03   -3.58   -2.61    0.76    6.72 
200904  -0.42  -1.53 -9.674E-04 -3.333E-03  -714.107  25.87 1010.36  991.21  12.16  88.70   8.39  -4.00   4.50  28.05  29.13   8.43   0.83   -7.04   -0.10    0.63    6.35 
200905   0.05  -0.24  7.285E-06 -7.338E-05   -60.670  25.67 1009.95  990.87  12.20  90.51  17.43  -3.32  14.29  28.70  26.36  11.05   3.56   -5.34    1.66    0.49    6.41 
200906   0.34   0.41  2.375E-04  3.025E-04   -81.714  25.62 1010.01  990.97  12.17  90.25  21.22  -3.06  12.90  28.63  26.61  12.83   5.40   -4.84    3.79    0.46    6.34 
200907   0.00   0.55  2.777E-06  4.288E-04    50.767  25.74 1009.64  990.60  12.21  89.87  21.00  -3.28  17.17  29.52  27.29   9.07   2.74   -7.88    5.55    0.80    7.23 
200908   0.36   0.70  3.874E-04  7.796E-04   -29.165  25.78 1009.58  990.55  12.24  89.26  22.04  -3.16   8.89  29.24  27.53   7.72   2.11   -5.94    5.07    0.58    6.63 
200909   0.43   0.42  3.418E-04  3.454E-04   -90.011  26.05 1009.34  990.31  12.25  90.09  29.66  -3.12  14.79  28.85  25.03  15.19   4.73   -5.51    3.86    0.41    5.89 
200910   0.73   0.63  9.617E-04  8.531E-04  -207.750  25.51 1009.21  990.17  12.34  90.57  19.14  -3.08   7.80  29.24  24.91  20.80   8.64   -3.83    5.10    0.44    6.52 
200911   0.37   0.07  1.784E-04  4.515E-05  -143.738  25.46 1008.58  989.52  12.44  91.15  11.27  -2.91  19.19  28.82  23.65  21.51  11.73   -7.30    3.05    0.39    6.68 
200912  -0.10  -0.74 -1.140E-04 -7.659E-04  -136.364  26.03 1009.05  989.99  12.58  88.31   7.33  -3.44   4.45  28.91  27.05  11.83   5.08   -5.90    1.56    0.64    7.07 
201001  -0.49  -2.53 -1.808E-03 -8.944E-03 -2260.231  26.34 1008.85  989.70  12.62  86.25   4.29  -3.83   0.26  27.93  30.22  16.49   5.07   -3.64   -1.97    0.69    6.84 
201002  -0.31  -1.64 -7.672E-04 -3.761E-03 -1102.728  26.41 1008.50  989.39  12.45  89.41   6.19  -3.47   0.31  27.75  29.50  13.16   2.30   -4.51   -0.93    0.48    6.58 
201003  -0.30  -2.00 -8.870E-04 -5.564E-03 -1552.384  26.67 1009.08  989.97  12.28  89.65   8.05  -3.63   5.77  28.17  28.50  17.80   4.59   -4.53   -1.80    0.39    6.54 
201004   0.01  -0.49 -6.054E-06 -3.207E-04  -154.947  26.60 1009.51  990.44  12.16  87.98  11.33  -3.91   9.84  28.81  27.37  11.99   4.70   -4.82    1.95    0.47    6.14 
201005   0.39   0.29  2.492E-04  1.920E-04   -89.138  26.52 1009.77  990.74  12.20  88.64  23.02  -3.48   9.14  29.57  30.03  10.27   2.35   -2.29    4.93    0.44    6.21 
201006   0.48   0.75  5.782E-04  9.181E-04   -36.712  25.73 1011.08  992.02  12.17  89.99  18.11  -3.16  14.19  29.29  29.78  11.68   1.52   -2.49    6.58    0.47    6.08 
201007   0.43   0.86  5.659E-04  1.145E-03   -13.712  25.44 1011.28  992.21  12.21  89.80  12.22  -3.49   9.30  29.51  28.67  10.57   4.11   -4.80    7.87    0.49    6.44 
201008   0.57   0.99  9.009E-04  1.566E-03    -6.846  25.59 1010.70  991.66  12.24  89.20  22.98  -3.57  12.75  29.49  29.43  11.17   3.84   -1.27    8.84    0.33    5.54 
201009   0.97   1.32  2.196E-03  3.004E-03  -133.611  25.41 1010.74  991.70  12.25  88.94  11.55  -3.94   7.28  29.33  30.33  12.43   3.10    7.64    9.25    0.03    5.16 
201010   1.00   1.14  2.065E-03  2.380E-03  -189.351  25.15 1010.59  991.54  12.34  91.77  28.05  -2.90  11.86  29.09  30.60  18.66   8.80    6.91    4.11    0.24    5.47 
201011   1.18   0.80  2.284E-03  1.586E-03  -629.901  24.63 1010.47  991.41  12.44  91.27  15.17  -2.96  14.02  28.60  27.56  18.70   8.15    0.83    2.27    0.09    6.71 
201012   0.12  -1.14  1.498E-04 -1.760E-03  -854.337  24.65 1010.13  990.98  12.58  90.53  10.65  -2.90  16.90  27.55  25.64  15.46   8.57   -3.79   -3.26    0.28    6.92 
201101  -0.31  -1.39 -6.236E-04 -2.710E-03  -516.867  25.29 1009.16  990.04  12.62  87.76   6.24  -3.41   2.95  27.91  26.59  10.95   3.17   -6.84    0.26    0.68    6.80 
201102  -0.38  -1.50 -8.263E-04 -3.180E-03  -539.316  25.59 1010.17  991.02  12.45  85.39   5.89  -4.05   3.94  28.02  29.27  10.50   3.08   -6.20    0.94    0.74    6.86 
201103  -0.41  -1.73 -1.005E-03 -4.194E-03  -690.621  25.26 1010.56  991.38  12.28  86.98   7.40  -4.15   4.12  27.72  30.67  12.21   3.08   -4.45   -1.13    0.72    6.55 
201104  -0.10  -0.93 -1.384E-04 -1.168E-03  -292.152  25.65 1010.46  991.33  12.16  87.42  12.71  -3.99  14.69  28.49  28.96   9.09   2.83   -9.14    1.87    0.55    6.09 
201105   0.40   0.21  2.530E-04  1.348E-04   -66.679  25.97 1009.57  990.51  12.20  87.44  12.50  -3.63   6.37  29.19  28.44   9.35   2.99   -1.95    3.73    0.29    5.70 
201106   0.56   0.78  7.472E-04  1.053E-03   -74.021  25.98 1009.72  990.69  12.17  88.42  24.35  -3.45   8.00  29.39  29.64  10.21   0.85   -1.67    5.44    0.38    5.97 
201107   0.58   0.96  8.901E-04  1.497E-03    74.703  25.57 1009.62  990.60  12.21  89.32  21.77  -3.45  14.23  29.17  28.40  10.29   2.55   -2.11    6.77    0.52    6.52 
201108   0.45   0.81  5.667E-04  1.055E-03   -80.556  25.48 1010.15  991.10  12.24  91.46  17.40  -3.33   8.88  29.40  28.56   8.40   4.36   -1.05    6.15    0.37    6.12 
201109   0.51   0.95  7.432E-04  1.428E-03   -21.483  25.45 1010.76  991.71  12.25  89.47  30.49  -3.43   8.12  29.40  29.86  10.56   4.65    4.09    6.94    0.30    5.62 
201110   1.24   1.47  3.268E-03  3.921E-03  -249.230  25.06 1010.54  991.50  12.34  88.16  16.17  -3.31   6.65  29.01  32.27  13.61   4.84   11.04    3.91    0.26    5.15 
201111   1.03   0.78  1.811E-03  1.393E-03  -403.382  25.15 1010.03  990.97  12.44  90.83  20.13  -2.97   9.42  28.66  27.45  15.35   5.99    0.69    1.89    0.07    6.13 
201112   0.26  -0.31  1.414E-04 -1.596E-04  -169.629  25.08 1009.77  990.66  12.58  89.32   9.63  -3.12   9.83  28.20  26.64  16.34   8.05   -9.65    2.83    0.54    7.10 
201201  -0.41  -1.69 -1.007E-03 -4.022E-03  -809.389  25.46 1010.38  991.22  12.62  86.43   6.38  -3.63   1.78  27.80  30.42  10.27   3.42   -5.38   -1.01    0.81    7.03 
201202  -0.21  -1.86 -6.070E-04 -4.759E-03 -1609.996  25.77 1010.01  990.84  12.45  84.23   4.10  -3.88   0.49  27.49  30.53   9.78   0.01   -3.66   -2.68    0.76    6.82 
201203  -0.39  -1.86 -1.084E-03 -4.894E-03  -845.139  26.19 1009.21  990.05  12.28  86.65   6.72  -4.48   1.87  27.69  30.91  13.61   1.80   -4.88   -2.09    0.78    6.90 
201204   0.35  -0.46  2.655E-04 -3.589E-04  -344.139  25.93 1010.22  991.12  12.16  86.52  11.24  -3.95  15.68  28.27  28.01  15.11   5.88   -5.69    1.82    0.35    6.04 
201205   0.44   0.42  3.420E-04  3.463E-04  -165.407  25.98 1009.51  990.48  12.20  88.89  16.87  -3.70  13.14  29.03  26.87  10.52   5.51   -5.85    4.94    0.44    6.30 
201206   0.37   0.47  2.942E-04  3.877E-04   -95.909  26.17 1009.90  990.88  12.17  87.49  16.41  -3.62  15.80  29.37  28.53  13.53   5.47   -4.04    4.38    0.51    6.68 
201207   0.26   0.42  1.614E-04  2.779E-04   -17.810  25.96 1009.28  990.26  12.21  88.55  18.35  -3.26  13.29  29.13  27.95  12.03   5.02   -9.40    5.00    0.69    7.06 
201208   0.63   0.40  6.400E-04  4.156E-04  -247.920  25.86 1010.49  991.44  12.24  88.38  17.22  -3.33   7.68  28.98  26.61  17.65   6.49   -2.21    3.81    0.42    6.21 
201209   0.51   0.56  5.170E-04  5.899E-04  -142.072  25.73 1010.39  991.34  12.25  89.05  23.03  -3.27   9.04  29.20  24.44  18.51   9.90   -3.44    5.23    0.41    5.89 
201210   1.01   0.96  1.898E-03  1.830E-03  -287.195  25.60 1009.84  990.80  12.34  88.66  11.30  -3.54   9.83  28.90  28.12  19.18   9.30    1.75    3.68    0.24    5.21 
201211   0.41   0.15  2.346E-04  9.916E-05  -125.636  25.61 1009.76  990.69  12.44  89.39  13.91  -3.05  13.13  28.67  24.51  22.38  11.59   -5.66    1.65    0.24    6.34 
201212   0.09  -0.28  2.888E-05 -1.113E-04   -75.131  25.71 1009.17  990.11  12.58  87.11   8.70  -3.24  10.93  28.78  25.79  18.77   8.02   -8.24    2.58    0.55    6.57 
201301  -0.38  -2.31 -1.263E-03 -7.405E-03 -1889.303  26.28 1009.70  990.54  12.62  84.85   3.73  -3.73   0.00  27.99  30.51  15.17   2.88   -2.66   -1.72    0.82    6.81 
201302  -0.06  -1.86 -2.130E-04 -4.718E-03 -1384.392  25.84 1009.81  990.66  12.45  86.85   6.21  -3.78   1.11  27.58  30.07  17.94   2.28   -5.58   -2.39    0.68    6.57 
201303  -0.18  -1.93 -5.301E-04 -5.120E-03 -1228.780  26.19 1009.91  990.76  12.28  89.46  10.02  -3.72   4.57  27.47  29.32  20.80   8.77   -5.10   -1.91    0.49    6.37 
201304   0.23  -0.71  2.090E-04 -7.102E-04  -400.855  26.54 1009.75  990.67  12.16  87.57   9.71  -3.91  10.09  28.17  27.69  12.53   2.81   -7.57    0.90    0.58    6.46 
201305   0.54  -0.11  3.957E-04 -7.417E-05  -252.271  26.05 1010.80  991.72  12.20  88.30  13.64  -3.50   8.94  29.05  27.61  17.93   7.38   -3.44    5.12    0.46    6.22 
201306   0.42   0.75  4.855E-04  8.969E-04   -78.493  25.99 1009.80  990.77  12.17  89.86  21.86  -3.21  11.53  29.84  28.03  15.69   6.34   -6.48    5.90    0.62    7.07 
201307   0.36   0.71  3.865E-04  7.887E-04   -48.340  25.78 1010.29  991.26  12.21  88.69  19.93  -3.35  18.17  29.17  27.51  18.17   9.40   -7.46    6.17    0.66    6.76 
201308   0.64   0.87  9.374E-04  1.307E-03   -89.436  25.35 1010.23  991.18  12.24  90.02  27.61  -3.04  13.60  29.09  28.67  15.52   8.87   -2.24    6.50    0.48    6.14 
201309   0.69   1.11  1.241E-03  2.019E-03  -133.735  25.68 1010.03  991.00  12.25  89.57  22.33  -3.41   6.16  28.75  26.78  11.27   5.05    0.73    5.49    0.24    5.41 
201310   0.57   0.62  6.432E-04  7.129E-04   -70.959  25.78 1009.93  990.87  12.34  88.66  20.26  -3.24   6.22  28.93  27.82  19.88  10.68   -1.39    6.89    0.31    5.67 
201311   0.60   0.74  7.869E-04  9.836E-04   -85.210  25.37 1009.50  990.45  12.44  88.75  13.28  -3.31   8.41  29.01  26.09  19.33   8.36   -3.14    2.63    0.31    6.14 
201312  -0.18  -0.24 -7.982E-05 -9.966E-05   -25.268  25.67 1009.77  990.68  12.58  86.62  11.59  -3.18   6.57  28.87  27.98  15.84   9.34   -7.80    3.10    0.70    7.04 
201401  -0.26  -1.62 -6.327E-04 -3.653E-03  -842.204  25.80 1009.60  990.47  12.62  87.14   6.32  -3.70   1.01  28.46  30.12  16.93   7.15   -5.04   -1.19    0.77    7.01 
201402  -0.23  -1.71 -5.891E-04 -4.061E-03  -945.015  25.91 1009.23  990.11  12.45  86.86   6.09  -3.99   0.28  27.81  30.16  17.20   3.82   -5.14   -0.86    0.75    6.75 
201403  -0.23  -2.07 -7.067E-04 -5.843E-03 -1787.762  26.01 1010.21  991.04  12.28  85.53   5.08  -4.25   1.70  27.92  30.11  14.57   3.70   -5.46   -0.91    0.59    6.04 
201404  -0.07  -1.12 -1.455E-04 -1.711E-03  -481.443  26.36 1009.21  990.12  12.16  89.20   8.93  -3.99   4.16  28.03  28.72  14.30   7.23   -6.68    0.78    0.59    6.43 
201405   0.45   0.10  2.667E-04  7.178E-05  -169.084  26.07 1010.16  991.10  12.20  88.68  12.19  -3.80  20.41  29.16  26.18  17.61   9.30   -7.94    3.39    0.52    6.44 
201406   0.26   0.41  1.531E-04  2.788E-04   -73.628  26.33 1009.19  990.19  12.17  90.40  24.79  -2.97  13.95  29.18  27.05  17.47   8.28  -10.45    5.01    0.71    7.05 
201407   0.18   0.59  1.321E-04  4.998E-04   -43.962  26.29 1009.80  990.79  12.21  89.21  24.57  -3.22  12.86  29.41  27.79  18.49  12.58   -8.10    4.63    0.80    7.23 
201408   0.50   0.61  5.227E-04  6.635E-04  -135.920  25.49 1010.43  991.40  12.24  89.65  23.86  -3.33  14.36  29.34  26.82  17.01  10.25   -2.99    3.10    0.49    6.22 
201409   0.83   0.84  1.344E-03  1.396E-03  -358.556  25.74 1010.05  991.04  12.25  89.31  18.56  -3.22  11.96  28.97  26.10  20.12  10.94    0.57    4.34    0.35    5.88 
201410   0.57   0.97  8.844E-04  1.527E-03  -155.664  25.74 1010.02  990.97  12.34  89.48  16.21  -3.19   7.07  29.23  29.10  21.25  12.31    2.71    5.64    0.28    5.89 
201411   0.47   0.15  2.894E-04  1.109E-04  -211.966  25.51 1009.88  990.81  12.44  90.12  15.85  -2.95   7.37  29.02  28.42  21.01  14.93   -3.95    2.79    0.35    6.17 
201412   0.21  -0.83  2.284E-04 -9.488E-04  -454.028  25.80 1009.50  990.41  12.58  88.78   8.82  -3.17   9.06  28.39  28.20  25.70  17.92   -4.37   -0.47    0.58    6.74 
201501  -0.83  -2.56 -3.128E-03 -9.422E-03 -1733.665  26.37 1009.81  990.63  12.62  83.60   4.32  -4.00   2.74  27.96 -99.00 -99.00  10.08  -99.00  -99.00    0.82    6.46 
201502  -0.48  -2.24 -1.572E-03 -7.042E-03 -1479.910  26.12 1010.21  991.05  12.45  85.28   5.41  -4.04   0.40  27.44 -99.00 -99.00  12.50  -99.00  -99.00    0.61    6.45 
201503  -0.25  -2.44 -9.089E-04 -8.236E-03 -1910.343  26.28 1010.30  991.13  12.28  86.06   6.19  -4.42   1.69  27.87 -99.00 -99.00   9.73  -99.00  -99.00    0.79    6.57 
201504  -0.26  -1.05 -4.019E-04 -1.574E-03  -165.920  26.39 1009.24  990.14  12.16  88.79  13.16  -3.94   3.75  27.87 -99.00 -99.00   9.87  -99.00  -99.00    0.59    6.41 
201505  -0.13  -0.55 -1.053E-04 -4.308E-04   -40.940  26.56 1009.48  990.42  12.20  89.96  10.22  -3.61   8.10  28.72 -99.00 -99.00  12.97  -99.00  -99.00    0.67    6.85 
201506   0.03   0.01 -6.204E-06  3.140E-06   -26.224  26.69 1009.06  990.04  12.17  89.19  20.69  -3.44   7.79  29.72 -99.00 -99.00  10.64  -99.00  -99.00    0.72    7.25 
201507   0.18  -0.04  1.489E-05 -3.847E-06  -147.636  26.59 1009.74  990.71  12.21  88.22  21.77  -3.53   9.81  29.56 -99.00 -99.00   9.02  -99.00  -99.00    0.74    6.93 
201508   0.38   0.38  2.619E-04  2.884E-04  -113.224  26.48 1009.09  990.08  12.24  89.38  23.78  -3.20  13.22  28.88 -99.00 -99.00  12.96  -99.00  -99.00    0.56    6.41 
201509   0.36   0.23  1.823E-04  1.392E-04  -184.795  26.41 1009.12  990.12  12.25  89.67 -99.00 -99.00  10.82  29.45 -99.00 -99.00  15.81  -99.00  -99.00    0.40    6.08 
201510   0.56   0.36  4.935E-04  3.347E-04  -223.781  26.35 1009.82  990.78  12.34  88.44 -99.00 -99.00  12.34  29.36 -99.00 -99.00  14.09  -99.00  -99.00    0.27    5.73 
201511   0.12   0.09  1.767E-05  2.195E-05   -37.685  26.00 1008.84  989.78  12.44  88.78 -99.00 -99.00   9.55  29.34 -99.00 -99.00  17.60  -99.00  -99.00    0.52    6.65 
201512  -0.19  -1.13 -3.155E-04 -1.808E-03  -287.748  26.68 1008.04  989.01  12.58  89.75 -99.00 -99.00   5.02  29.19 -99.00 -99.00  16.28  -99.00  -99.00    0.79    7.29 
201601  -0.32  -2.54 -1.182E-03 -8.960E-03 -2441.962  26.88 1010.34  991.18  12.62  81.86 -99.00 -99.00   0.00  28.36 -99.00 -99.00 -99.00  -99.00  -99.00    0.58    6.22 
201602  -0.52  -3.52 -2.647E-03 -1.721E-02 -4064.853  27.33 1009.25  990.05  12.45  82.04 -99.00 -99.00   0.00  27.61 -99.00 -99.00 -99.00  -99.00  -99.00    0.71    6.47 
201603  -0.32  -2.49 -1.203E-03 -8.549E-03 -2683.064  27.50 1010.51  991.34  12.28  81.87 -99.00 -99.00 -99.00  27.49 -99.00 -99.00 -99.00  -99.00  -99.00    0.67    6.39 
201604  -0.02  -1.81 -1.077E-04 -4.483E-03 -1612.323  27.42 1009.89  990.77  12.16  83.82 -99.00 -99.00 -99.00  28.28 -99.00 -99.00 -99.00  -99.00  -99.00    0.40    5.56 
201605   0.24  -0.16  7.826E-05 -6.058E-05  -127.921  26.74 1010.20  991.15  12.20  89.87 -99.00 -99.00 -99.00  29.80 -99.00 -99.00 -99.00  -99.00  -99.00    0.43    6.27 
201606   0.21   0.07  4.546E-05  2.810E-05  -131.113  26.46 1010.84  991.80  12.17  88.74 -99.00 -99.00 -99.00 -99.00 -99.00 -99.00 -99.00  -99.00  -99.00  -99.00  -99.00 
201607 -99.00 -99.00 -9.900E+01 -9.900E+01   -99.000 -99.00  -99.00  -99.00 -99.00 -99.00 -99.00 -99.00 -99.00 -99.00 -99.00 -99.00 -99.00  -99.00  -99.00  -99.00  -99.00 
201608 -99.00 -99.00 -9.900E+01 -9.900E+01   -99.000 -99.00  -99.00  -99.00 -99.00 -99.00 -99.00 -99.00 -99.00 -99.00 -99.00 -99.00 -99.00  -99.00  -99.00  -99.00  -99.00 
201609 -99.00 -99.00 -9.900E+01 -9.900E+01   -99.000 -99.00  -99.00  -99.00 -99.00 -99.00 -99.00 -99.00 -99.00 -99.00 -99.00 -99.00 -99.00  -99.00  -99.00  -99.00  -99.00 
201610 -99.00 -99.00 -9.900E+01 -9.900E+01   -99.000 -99.00  -99.00  -99.00 -99.00 -99.00 -99.00 -99.00 -99.00 -99.00 -99.00 -99.00 -99.00  -99.00  -99.00  -99.00  -99.00 
201611 -99.00 -99.00 -9.900E+01 -9.900E+01   -99.000 -99.00  -99.00  -99.00 -99.00 -99.00 -99.00 -99.00 -99.00 -99.00 -99.00 -99.00 -99.00  -99.00  -99.00  -99.00  -99.00 
201612 -99.00 -99.00 -9.900E+01 -9.900E+01   -99.000 -99.00  -99.00  -99.00 -99.00 -99.00 -99.00 -99.00 -99.00 -99.00 -99.00 -99.00 -99.00  -99.00  -99.00  -99.00  -99.00 
